408 193
421 219
216 185
270 294
256 503
254 528
383 277
124 48
194 164
329 405
164 27
420 119
180 534
352 254
392 159
457 95
287 538
148 79
178 104
276 304
321 498
413 132
168 137
233 568
283 432
233 149
377 254
186 186
256 546
205 531
366 274
272 378
294 330
478 85
416 140
180 87
363 385
181 550
274 540
483 37
359 352
186 583
207 104
398 256
277 454
225 175
177 93
462 107
201 126
303 456
359 341
279 564
283 436
313 428
375 198
463 78
455 141
373 358
249 531
243 261
440 107
236 538
375 261
344 363
315 506
234 210
301 532
138 73
202 137
462 43
371 310
311 386
370 272
303 445
461 60
293 486
347 327
158 120
424 140
271 368
431 119
454 51
265 541
165 107
132 55
291 467
213 225
409 245
191 51
299 303
466 120
313 312
329 335
160 73
361 330
224 180
296 477
375 217
243 579
348 294
232 555
256 571
300 524
479 60
139 65
266 250
417 191
320 352
387 224
370 297
306 418
324 384
158 94
247 559
301 374
178 54
437 45
213 167
136 55
390 148
319 421
120 32
402 141
204 85
293 309
300 490
224 205
406 132
146 95
306 351
204 155
239 244
296 538
311 491
118 29
370 371
291 359
431 163
251 181
371 294
249 315
339 354
293 432
348 252
471 40
268 545
383 327
400 290
300 377
302 525
253 238
320 453
357 266
205 213
251 327
401 236
423 119
262 555
473 52
303 466
324 408
215 247
366 366
187 100
433 102
235 173
177 36
275 548
361 365
396 131
140 68
279 256
351 408
341 346
395 301
237 253
370 290
400 187
415 181
326 351
414 100
408 120
267 211
217 197
408 124
229 143
154 92
361 368
413 186
225 580
264 245
353 394
283 342
355 275
416 255
255 332
349 289
191 534
296 468
189 128
180 162
189 167
480 38
282 529
468 59
317 431
388 258
329 425
201 569
290 557
477 64
346 288
301 524
263 523
222 215
438 64
296 422
235 163
190 545
185 575
267 242
277 274
368 339
343 411
181 145
357 319
272 294
389 281
234 218
257 192
342 293
382 226
381 239
353 243
277 316
399 261
317 485
340 438
265 243
284 436
391 244
165 83
260 564
450 164
256 527
401 244
187 575
236 544
186 186
466 118
462 61
268 271
234 140
217 208
274 282
395 160
226 159
211 141
378 172
253 300
225 582
213 106
399 144
273 498
249 208
269 279
285 362
248 573
308 349
260 529
357 264
325 462
182 127
467 79
204 208
221 194
154 95
182 38
342 334
431 215
346 357
362 382
333 461
190 135
257 563
294 374
304 496
272 317
437 73
141 26
344 436
148 75
257 513
181 91
417 221
414 248
245 180
261 229
182 111
208 142
