41 -83
-97 -46
27 -86
27 17
-100 -25
11 57
-30 11
-37 -83
-28 83
-47 46
-53 62
-86 -60
-81 -5
-3 -29
-67 -96
2 24
6 -19
77 -49
-24 14
-70 82
79 -67
44 56
-49 -84
69 -7
93 -33
-92 -34
9 -20
94 -5
-9 6
-25 -64
9 55
-37 -95
-7 -14
-94 28
-33 -96
-1 -63
81 13
-57 -43
-20 -22
4 51
3 -54
79 -41
-82 87
62 -68
33 15
-99 -74
99 59
-8 6
-2 -5
-86 68
-66 -6
-74 62
41 80
21 -13
-51 97
-92 -84
-56 38
75 86
84 38
36 -20
-66 -60
86 -80
-72 -94
58 85
38 23
-43 -47
58 17
-52 -41
13 -81
-26 -42
-54 40
64 -43
21 86
75 -30
86 -90
27 40
53 -44
73 -75
38 -89
97 -46
-7 29
-52 -59
-96 -80
67 -61
-18 24
-29 78
-42 -33
12 36
32 -67
58 38
60 -12
25 8
91 35
14 -8
98 -32
81 50
-24 28
-15 -16
18 -37
51 -82
-42 46
28 -88
36 40
-85 -89
52 100
-8 26
-75 -87
-13 -16
19 74
-100 -28
-93 18
23 61
75 -74
-40 24
10 70
-69 47
95 52
3 44
42 -57
67 -32
-54 5
-86 26
-77 -63
24 54
88 -47
-67 -65
58 20
-27 15
81 76
98 -61
30 -75
87 -54
82 -63
-67 8
-23 -1
22 -44
-59 -2
-92 -22
10 -65
4 71
-38 -88
-38 -60
91 59
59 -20
55 -51
-99 76
-11 97
-2 70
75 -61
-92 -71
34 -36
-22 -100
79 88
39 -6
-97 -59
-4 -92
-56 -92
-94 -42
-13 -50
-14 55
-31 -75
8 -98
-58 28
-18 -84
-2 8
8 -88
47 83
20 -20
-77 77
22 -86
45 -94
58 -7
34 97
-8 45
-14 72
-73 -71
31 -31
-87 66
13 -27
-57 13
-91 51
47 -82
92 -29
-30 -23
-83 -40
-41 75
-10 53
-64 -71
-68 -30
59 -23
70 -10
92 -4
-82 -82
-13 48
93 -66
-69 -76
-2 -20
93 -22
64 -29
-10 50
92 -91
78 -83
-67 28
25 45
-66 -27
-95 -9
33 -23
-91 59
-12 37
95 -44
81 -74
10 62
14 -84
15 -8
-29 -12
97 -97
13 4
-2 -98
3 68
-84 18
28 -72
-56 74
47 -74
58 36
-36 -30
84 94
57 -96
-83 -16
47 -60
-50 31
-51 -28
-75 86
34 -7
61 41
-51 -54
-81 83
32 -20
-73 -26
81 -66
-69 -77
23 13
-72 79
-64 -93
43 -56
-47 -58
-21 68
94 -71
-76 -67
-4 96
-29 83
49 51
-4 -10
48 -11
94 91
82 -92
23 -39
0 58
47 -94
85 76
-13 -57
53 49
47 46
-80 -75
-34 96
63 -57
-22 86
30 81
19 -6
-12 61
27 -70
-13 -6
-44 -63
87 73
44 10
-66 3
-50 44
-16 2
64 -19
-88 4
-77 76
-34 59
45 96
64 75
25 -32
-98 3
35 81
-4 60
32 -59
1 -48
96 -81
9 58
56 -19
-27 -90
-89 53
-59 38
40 -58
69 40
-94 3
10 -18
-95 75
99 93
-81 -77
-84 -67
93 -35
-19 34
39 -85
73 54
-61 -4
92 52
77 98
93 56
63 -62
10 26
1 -78
90 54
50 24
-68 63
52 38
98 2
44 8
10 25
64 38
-20 -95
5 -63
93 1
9 50
-25 -59
53 79
8 14
47 -32
14 11
-35 -20
-77 51
-85 -80
55 -84
1 -65
28 58
39 0
-96 -55
-87 95
73 -59
38 -56
-19 42
26 56
-32 90
17 -96
24 -12
88 -27
-88 31
-50 -16
-78 -96
22 9
-37 7
-73 -72
63 -28
-82 38
43 52
85 -90
37 38
-58 76
53 30
44 -45
6 56
33 -97
-13 -31
-69 -26
-64 41
-6 -23
81 73
-4 -66
-21 -40
76 -23
-72 89
-9 65
47 -11
-97 78
-35 -72
-35 -71
-3 -54
-34 31
43 -71
36 33
-94 82
-81 -50
-71 -71
34 -40
30 -31
-18 -31
-9 31
71 -80
-39 46
53 -26
-29 -44
-78 -13
-59 8
-90 32
37 -49
44 39
-44 97
15 -46
-96 -4
-34 -88
13 -60
-6 -42
14 17
21 -90
61 46
-22 62
56 4
-70 2
12 -54
35 -30
57 65
-10 -52
-81 48
-12 -55
-44 -93
-17 82
-94 -66
99 58
87 -99
65 37
23 87
-34 -18
-99 -80
29 -6
-47 -32
4 6
-86 -48
-76 50
61 -78
-45 -82
-31 -56
-94 96
44 58
55 -53
69 17
37 10
99 -54
-92 -50
94 68
-82 -81
30 36
-83 31
-91 24
-56 -81
-68 -33
7 8
-44 69
-48 -42
81 61
-63 67
100 -79
-7 -28
-34 51
49 0
-83 -92
-64 -13
-92 -85
28 -3
-20 -3
-20 -6
-92 -33
-74 34
57 51
-15 -41
-38 39
-94 70
-82 -79
78 -7
-78 27
97 80
23 -55
-90 43
20 34
-37 -73
20 32
-41 68
-27 -83
-20 -26
28 38
-39 95
-17 -54
21 72
34 71
64 60
29 67
-62 -71
13 -16
-92 -67
-48 -10
-93 81
82 -83
-28 -57
25 72
8 43
38 82
