1340 1149
1556 1444
1012 824
972 792
873 720
359 366
1579 1493
1529 1399
1631 1599
423 415
477 452
291 310
131 165
407 403
628 555
1644 1626
757 645
1053 858
1093 894
571 517
702 607
345 355
1393 1212
145 180
1302 1110
552 504
1488 1335
1215 1005
932 762
992 808
94 121
172 208
1233 1025
1284 1089
496 464
739 632
217 247
390 390
331 344
201 235
646 568
609 542
37 40
106 136
1658 1652
248 273
912 748
1376 1190
374 378
795 668
1458 1294
720 619
1267 1067
440 428
458 440
83 106
1502 1356
1073 876
1358 1169
304 321
952 777
24 23
1321 1130
277 298
683 594
1591 1518
514 477
1515 1378
1604 1544
1114 913
1196 985
1135 931
533 490
1156 948
233 260
590 529
852 706
1409 1233
813 680
1543 1421
1618 1571
263 285
665 581
73 90
62 73
118 150
1442 1274
1250 1046
317 332
50 57
1425 1253
1568 1468
776 657
1473 1314
1176 966
832 693
186 222
1032 841
893 734
158 194
