-124 -159
-35 -92
-168 -175
-198 -173
-199 -171
-45 -102
-158 -167
-195 -174
-4 -25
-190 -177
-184 -167
-75 -130
-141 -168
-102 -145
-175 -172
-15 -60
-1 -5
-149 -168
-188 -169
-181 -167
-199 -169
-151 -167
-78 -138
-173 -173
-181 -179
-156 -166
-73 -127
-76 -134
-7 -34
-172 -177
-64 -119
-30 -89
-85 -143
-13 -54
-18 -73
-198 -168
0 -3
-115 -151
-52 -109
-170 -172
-172 -172
-197 -174
-167 -172
-188 -178
0 -1
-186 -168
-179 -168
-71 -124
-2 -10
-165 -173
-42 -99
-160 -168
-3 -21
-173 -174
-178 -169
-177 -178
-144 -168
-81 -141
-10 -49
-185 -179
-94 -144
-197 -168
-193 -169
-56 -112
-39 -96
-133 -165
-194 -174
-68 -122
-1 -7
-195 -168
-23 -82
-8 -43
-111 -148
-163 -170
-194 -175
-173 -174
-106 -146
-120 -155
-98 -145
-175 -173
-21 -78
-60 -116
-146 -168
-193 -176
-174 -174
-2 -13
-7 -38
-137 -167
-176 -170
-193 -175
-191 -169
-192 -176
-16 -67
-48 -106
-6 -29
-3 -17
-128 -162
-26 -86
-90 -144
-154 -166
