85 -47
2 60
-8 -54
25 60
-15 -6
18 40
-99 45
89 76
91 46
-38 67
45 71
90 -100
-94 -5
-26 -25
-43 -8
29 33
60 16
29 -61
-60 -56
-30 -64
-53 17
43 7
-58 66
14 49
-86 -60
-61 71
-29 47
-74 -77
-11 51
-5 -60
6 -5
86 -5
-7 70
55 57
94 94
-19 -15
74 -64
8 85
-6 -89
64 27
27 -92
-81 27
-40 78
-84 -45
-73 -88
68 53
92 -35
9 32
-32 -97
-44 60
-86 66
-82 -56
-81 94
72 29
-26 -6
76 -65
-22 75
-36 44
-78 54
53 83
-59 -56
9 -96
-36 -7
51 -75
-90 43
3 4
-22 94
8 -53
18 26
26 23
69 44
-45 15
-67 21
70 -11
10 42
-73 -72
-79 17
-87 43
-82 -36
-62 -10
95 74
-9 46
-84 -96
-52 -59
-60 40
0 -9
-15 -23
-60 71
-88 90
-19 47
-68 -98
32 -91
77 -4
-16 52
-12 -55
-48 40
59 -10
25 -97
70 3
-13 76
46 -98
-36 96
-69 -32
30 -97
-2 74
82 -71
-45 75
90 88
-100 31
-13 94
20 -27
44 56
88 -29
-92 10
73 -27
7 -13
97 -64
-3 65
-25 29
-60 80
-55 -43
2 -58
-85 -15
-37 -45
75 -66
-52 53
-38 -35
90 -67
72 24
-31 -89
15 -70
-48 -88
90 64
-76 -37
93 -52
15 23
15 43
-85 89
-12 23
56 15
86 -86
-23 -23
12 -55
-86 -96
-80 91
-90 96
86 52
-100 -57
6 -71
73 86
91 72
96 66
0 -83
88 100
89 -58
-17 62
63 40
61 -100
-40 -83
-62 45
-41 47
-60 24
-99 -54
7 -15
45 83
-44 -50
-79 62
-91 -93
31 97
48 -9
95 28
92 34
-64 -50
-79 56
-67 63
65 15
76 -38
-96 -39
95 51
30 -71
-96 -26
-85 63
-52 -81
38 35
44 -26
71 5
-56 -46
34 73
-37 100
-10 -40
-28 29
-42 -75
23 -87
-29 -70
-28 -6
-34 23
85 -65
-10 -22
-54 -66
76 -45
20 50
86 -1
-30 36
51 24
28 -46
53 72
56 -65
76 -7
-16 -69
84 89
-23 63
20 -20
70 1
9 86
93 38
-60 7
3 63
-88 54
-55 44
-100 -72
-23 20
5 32
54 93
-35 -60
-62 71
25 -73
-99 -92
-53 -32
-8 39
61 82
-17 -64
83 93
-89 76
31 89
33 -23
-4 -8
17 -59
-71 -10
37 -41
-27 33
49 18
86 25
98 -37
-30 -52
46 -24
88 99
-38 48
-43 -78
6 1
20 99
-64 -27
47 -98
72 -15
-90 -2
-14 -81
1 93
-66 23
25 -12
9 -24
50 -24
-16 -62
8 -22
-43 -92
56 -55
-52 -80
19 19
-66 14
31 -82
-32 -57
48 87
98 80
-22 35
-98 34
8 73
-68 -81
37 -50
78 -36
-85 -98
45 9
-16 93
-61 24
-19 -35
15 45
13 -98
-97 -17
86 -99
-53 27
-96 -27
-77 -87
-70 -52
66 3
11 51
-66 13
65 96
38 64
-70 52
-54 -79
90 3
10 -48
-68 91
41 16
33 -2
37 -47
-61 51
14 -49
8 -11
63 20
43 56
-36 62
-27 -95
90 -44
99 31
-90 35
-58 47
38 93
-84 74
-49 32
-72 91
-92 91
-10 71
-91 -68
-38 -47
-35 -45
-70 -10
10 -77
60 36
11 41
7 60
43 31
21 43
50 -10
17 60
67 -54
25 -46
19 -51
-50 87
66 -30
-75 62
90 -91
60 -56
-83 29
32 -1
78 20
-52 -36
-81 14
24 67
-67 32
69 65
80 -78
-87 76
18 -35
71 54
-86 -55
48 69
33 -6
69 71
-47 -50
45 -51
39 -56
-25 -87
31 22
70 -25
-44 1
100 -39
-59 -88
74 -96
16 -3
35 -5
-93 22
-28 41
-67 -13
-14 46
-79 57
5 -44
47 -53
-59 73
70 93
-19 -89
-63 -69
-25 62
43 89
94 -76
100 35
69 -13
-99 -11
74 -91
16 80
26 86
-93 -1
-75 46
-11 -40
-38 3
-29 -19
78 88
-85 13
-37 15
77 -43
-29 50
69 -71
-1 -91
51 13
-33 -8
-8 -65
70 -13
68 -40
-17 78
23 49
-95 59
-41 -18
97 28
-36 -100
40 -34
2 -21
-39 -37
-74 -31
-84 32
-78 6
-40 55
-52 57
53 -73
-69 74
-51 21
-21 10
-50 89
-3 -10
46 -33
-6 -5
-77 -67
49 25
-1 -48
-53 -85
100 95
-15 -29
-59 44
-67 -68
-78 43
-23 100
-97 66
33 -74
27 30
21 2
-88 -45
76 88
14 -76
-62 -28
79 -75
19 -32
64 54
-37 23
86 39
63 84
53 50
-14 48
63 -7
78 65
68 99
9 46
4 12
100 -44
96 92
-52 -14
-19 -78
14 -55
3 -70
-16 58
93 -16
-37 21
-73 -19
43 -81
72 95
-14 -65
45 -28
55 -27
-25 -82
8 -86
27 93
25 10
-45 -94
29 19
-26 -86
62 65
5 77
4 -59
80 -33
74 31
-13 -17
0 -38
49 -67
-59 -92
66 71
45 47
26 -51
-68 -88
89 60
-8 -64
66 -29
45 -18
60 -80
20 39
-15 11
60 -15
-18 -39
-56 -42
87 -7
63 68
-94 -39
-17 55
12 -23
67 -96
-61 -42
-74 100
-72 -14
-64 62
30 -18
37 31
-7 -23
-52 1
-67 87
27 -75
-75 6
-46 -37
-61 -35
-51 -94
-69 -69
97 90
51 -64
57 65
-57 12
58 -48
-98 -10
-38 -99
7 44
-22 -48
40 -59
-19 59
-34 66
-54 61
-41 65
29 -16
-11 -33
-2 42
-75 -54
70 -6
-96 90
-17 -46
-62 66
-57 -34
26 48
94 -30
-1 70
-94 58
-77 47
63 -52
-14 7
-7 -13
76 -75
63 -72
-10 -54
37 88
-97 24
34 -100
-42 61
25 -62
-40 -77
-30 69
-86 39
24 95
21 -40
-91 -17
-29 -66
40 -58
-59 8
-55 -56
21 -12
53 15
-98 21
71 43
57 95
22 -31
-21 -47
-63 100
-12 79
-52 99
5 -29
60 87
-99 -56
32 32
68 -57
-34 -11
-29 -71
-84 54
44 -17
-42 -68
-69 44
80 -15
-39 89
-81 -15
73 -68
-78 23
-14 -51
-88 62
-87 64
35 -28
10 18
92 11
-71 90
-47 -67
39 56
29 -94
19 -41
93 -51
83 1
59 -3
80 -9
-42 16
19 -79
80 -54
79 -40
50 47
21 79
-52 -64
78 37
-49 86
-47 -87
93 -38
-66 28
82 27
55 -58
13 -20
-40 -17
-50 -67
-51 45
-35 -87
-2 -20
36 25
-63 54
-92 71
-90 -38
-51 22
-63 -16
-65 21
87 16
-44 -34
-63 -9
-47 74
-90 -90
-87 -21
0 16
-2 9
-15 16
-39 79
-6 -17
39 70
-24 57
-42 49
45 59
35 69
-51 -97
-21 -91
-44 -91
27 56
56 93
-25 59
29 5
51 -61
7 39
-28 94
-42 -88
9 -60
-95 50
-71 -87
-5 97
-94 -14
-34 -26
-3 93
-60 73
26 -41
-85 86
5 -57
-26 -100
81 46
61 -35
28 -35
-71 -3
-18 -2
96 79
70 81
57 25
-88 -94
82 30
-53 20
-30 -87
36 -13
-19 65
-18 -1
4 -62
-43 28
32 -30
-100 40
-50 74
-53 7
-31 -72
8 -78
99 -92
12 -18
-85 66
-92 -52
85 -9
94 55
92 -50
-85 45
-12 -28
-52 -60
5 -85
16 -34
59 -40
22 16
-80 -35
-35 -19
45 38
56 -14
82 -68
-21 -60
-76 -95
-63 -62
-15 -76
11 46
56 -73
-26 66
-94 100
-1 -95
4 -14
10 -59
-1 -37
63 -54
41 38
70 64
84 38
80 48
-36 -84
25 69
-15 72
81 22
18 1
-39 -8
38 3
-11 -73
-19 27
-61 91
-45 55
-68 -37
65 72
-3 69
-5 7
29 -79
58 -89
73 82
96 27
9 -83
-3 -23
70 -94
94 -65
-18 -52
96 44
-51 -100
82 72
-2 -68
-52 -29
43 58
26 66
46 -87
1 61
44 3
16 -35
-65 -53
-6 -18
-1 25
85 -32
-40 67
-72 66
-1 90
90 -46
-73 -43
-69 28
65 -74
-20 -72
-62 -42
-29 -33
74 99
-59 87
-63 -53
-39 3
-49 -90
-83 71
-47 -96
-80 21
21 -49
-65 -25
52 -47
94 -9
-6 -92
-97 -49
68 8
-38 43
-66 30
-91 -91
-54 58
59 -20
-14 -95
59 -19
39 17
-96 92
-90 1
-57 -90
89 32
-33 -82
-28 37
7 -21
31 -31
19 79
-14 31
-60 -45
17 -40
53 -53
-2 -22
54 91
13 71
-61 47
30 -93
31 -95
-89 -81
-64 -82
52 49
79 -49
-73 62
-19 -98
76 -59
10 -80
83 -60
87 -45
-93 -91
-25 47
-40 -10
73 6
-48 -33
-27 34
18 -36
-36 -26
-14 -41
49 36
4 -47
75 -94
43 -53
16 -69
33 20
-52 -33
-24 39
-56 -85
73 -65
36 64
32 -95
-2 -45
-99 -96
24 68
-38 54
-34 94
-9 35
64 -68
8 -77
-73 -30
31 21
76 -29
96 34
15 -62
-81 39
-34 45
31 78
-45 66
-34 -90
-73 -97
-93 44
-25 -38
12 54
-12 89
-64 98
-61 -46
-95 -53
-87 10
-89 47
-61 -25
-85 -17
29 77
-74 36
-38 30
86 -79
63 -83
23 95
53 -79
-91 89
50 -91
-15 75
-78 -32
3 -84
-56 -87
17 99
51 -22
12 -79
81 -48
-67 -81
-99 -58
-54 82
-49 63
-78 83
-100 -31
-36 -32
-44 51
-45 96
-53 96
-86 -81
2 -4
28 -39
-100 98
-46 64
-32 -71
11 97
-79 -34
27 28
-9 79
-16 71
36 73
-29 -72
-27 86
-65 -42
4 92
-87 -59
-87 42
93 14
67 -40
-26 -74
14 -18
-85 -85
54 50
94 9
88 69
-85 -84
78 13
-98 38
5 -66
-51 20
57 -42
25 -85
35 -1
-77 -3
-17 -2
72 71
37 26
-50 -65
-77 11
99 82
77 44
-41 3
32 -41
-75 28
-20 16
-32 -50
13 78
-40 51
-33 12
-63 0
79 -33
59 -63
-65 90
70 -19
18 -66
57 45
82 -2
-10 20
66 28
-82 -40
76 -26
32 -60
-34 -53
84 -14
-37 99
1 14
-56 26
70 36
47 -12
75 18
-18 92
87 55
-45 -17
-81 8
-4 -64
-14 -98
-39 72
89 65
5 78
64 87
-76 -89
-74 84
66 91
26 68
32 7
-76 42
100 -90
4 23
-57 -72
-37 -43
-15 92
-73 86
88 67
-20 29
71 44
51 57
-55 -54
-87 -24
47 21
-27 -55
-62 90
-41 35
-11 -70
14 30
98 -18
94 -19
-39 87
54 -30
-37 -59
-12 -64
-18 -90
-78 15
-48 61
-22 -60
-51 -16
-23 -56
86 10
-90 -3
-97 -25
-64 65
27 22
-57 -85
-5 -70
64 73
-41 87
-9 -26
-21 -49
73 69
38 -83
10 15
2 35
-52 93
-49 -45
44 -56
86 -40
36 96
29 -95
-60 12
-91 38
-33 52
14 12
-42 43
-68 39
76 8
-100 43
0 10
-89 -21
-91 -58
-80 -69
-100 1
-97 -14
33 67
58 -80
90 -82
-33 -34
48 9
78 -48
-15 55
68 74
81 -29
97 89
-79 29
59 -72
-30 -5
-36 -17
93 -47
70 -58
85 -25
0 2
-78 -56
-52 96
-76 80
40 -5
61 -88
67 55
16 25
85 -61
-21 81
11 93
-90 0
72 -96
77 -82
12 75
-56 99
-39 39
8 -63
-34 -83
27 4
41 65
-9 -53
38 55
-94 -71
6 -20
93 -33
79 41
-44 8
37 10
-43 29
11 -84
74 70
-19 -38
-64 -13
56 45
86 97
-56 77
98 -55
2 -82
-27 -16
-98 1
82 -40
-92 86
-4 26
-87 53
21 -90
18 -86
-7 -58
-7 62
-10 39
-69 -89
29 -26
43 -70
3 41
1 -82
7 54
65 50
-4 -79
-72 50
-40 -63
61 80
42 13
46 -69
-97 -11
59 -55
22 -78
70 39
32 -34
-99 -70
20 -70
30 -56
97 -26
13 -94
-19 51
55 52
-95 57
81 -44
41 -32
1 16
37 -53
-47 -65
12 86
-33 57
-81 5
23 -23
46 47
-11 -21
74 -60
-69 69
-42 81
29 -90
45 72
-92 -47
5 19
91 56
43 -18
69 58
16 84
-73 69
-29 11
36 -92
2 25
23 5
-14 -40
-70 69
71 27
27 27
60 21
24 50
51 75
82 2
71 -38
-17 -22
-12 54
-9 76
46 48
-19 2
-78 16
-88 95
-23 -43
96 -8
47 85
74 -55
-12 22
-71 -31
7 -96
-67 0
-19 -27
-13 26
19 -58
51 3
66 -23
-37 22
96 39
58 14
-58 -15
6 77
-54 95
-70 23
-48 95
-79 -74
69 64
-71 -75
-61 77
-27 -61
-19 -26
-90 58
72 70
66 66
-3 -17
-76 -4
91 -97
63 83
-66 -35
0 75
-16 39
-66 35
19 13
-82 -33
80 -47
61 56
100 -42
-33 60
-46 -50
58 -100
61 -98
85 29
-74 -55
16 -44
45 69
98 29
-40 39
-67 -85
26 -7
-56 -86
61 24
50 -62
37 -26
0 -97
43 18
-51 34
-15 -96
56 -86
13 4
65 68
53 -2
47 -10
-53 -24
47 3
58 74
-84 19
-54 38
12 53
-36 59
-95 -41
-61 72
-13 -61
99 -30
-48 -67
-67 -98
46 -74
-39 -26
-35 -22
-92 -5
-16 -49
-66 60
9 10
63 72
31 66
44 -76
-32 -79
-5 94
-41 -88
0 -30
-46 -77
-17 88
-34 61
-55 -60
-17 25
-73 56
-8 79
-47 -14
30 -32
35 73
75 -69
-14 -39
47 -58
-67 19
38 28
-13 47
11 -1
19 43
40 -79
98 26
-67 47
88 -76
-7 99
-4 -67
65 4
-83 -25
54 -14
-65 -72
82 20
-50 -74
-66 -84
88 46
-95 -1
-24 37
54 28
-42 24
14 82
51 31
-93 25
-71 48
22 48
-67 77
31 -75
74 24
76 -81
99 -53
-81 6
83 7
-21 -78
79 -60
-10 -92
11 24
-88 -69
9 37
84 61
-87 -90
30 -29
-81 9
-68 63
35 32
82 57
41 -71
-37 -52
50 -48
44 2
-65 -28
-64 39
-12 -92
65 -94
33 -50
-55 -30
72 -13
30 49
-91 -55
-2 -93
80 -66
-45 -46
-62 77
-63 68
-100 50
69 -87
-91 83
68 88
-58 93
-20 14
85 84
-81 -69
51 99
63 -76
55 -23
-51 95
16 0
-53 -75
18 -50
12 77
81 -42
14 -10
21 -63
69 89
-8 -19
-84 15
-12 65
50 54
4 -4
-78 13
56 58
31 -93
-38 41
-83 -93
67 58
96 98
41 -97
-32 -86
-29 85
-1 -99
86 9
-20 -16
-93 56
79 44
87 28
-96 -68
96 -54
0 -50
39 -20
-85 -82
34 91
63 -59
30 62
53 -64
73 44
12 -10
77 26
71 -26
-96 66
-48 62
-100 -19
-73 94
-15 93
-72 -56
7 -31
-66 -81
97 -55
58 -17
17 -62
-100 -41
96 -76
44 98
-67 1
49 20
-93 45
-67 -43
43 57
57 -95
42 -35
-35 28
-24 -22
-2 -1
-57 33
35 9
98 6
-5 -23
-70 59
71 -78
69 96
-25 -53
88 -25
12 -50
12 -21
27 -6
-65 7
-63 -44
-11 -98
53 -30
-64 -22
-50 100
-23 60
-51 -80
-60 99
50 84
59 -15
71 -92
43 -95
10 -97
99 77
-41 -7
47 -73
49 51
-49 45
-23 91
-34 -55
-46 -36
-82 49
95 -23
-63 2
85 -57
-35 39
50 98
-22 62
94 100
-87 -43
-11 -31
-25 -54
49 49
50 91
40 93
-33 73
87 -53
-72 100
74 92
47 49
-11 64
28 -56
83 77
-2 1
-19 67
46 -97
-46 6
-80 4
60 -58
-59 42
-35 -93
26 -21
0 85
-36 77
92 40
-29 79
-94 51
6 18
46 -84
-19 73
81 0
-47 52
41 79
83 96
79 1
62 62
-87 -94
99 28
-36 -69
-67 82
57 -90
-13 -88
43 -49
1 12
24 -69
-98 -52
65 43
-82 53
87 53
-56 82
-35 48
76 -66
62 27
-86 -68
-40 -90
-92 -15
-63 1
-12 7
-3 -90
-59 34
-53 -31
-27 50
73 59
-11 5
85 33
92 -40
-40 97
-25 85
63 -5
60 26
-80 -61
-16 -90
-6 63
-43 -5
-49 -26
-7 65
-69 38
-39 -77
-56 19
0 72
6 95
97 71
-13 -20
-89 -47
-70 -1
58 56
-11 -85
-70 -3
8 39
80 -49
73 8
-44 35
19 4
-27 -59
43 -54
-82 98
43 53
-77 -35
-55 87
61 -54
53 -10
-100 23
34 58
100 16
42 49
-49 -95
-17 29
-81 81
70 28
-38 -41
-55 -68
-92 -24
-78 18
-21 -87
-98 74
-88 48
-11 22
84 -20
75 -55
-92 18
-31 -94
-28 -30
-25 76
-61 29
-55 30
78 -90
-90 -98
-18 80
48 57
7 -67
-77 -69
91 -8
34 18
-14 -21
65 -7
-84 -8
90 17
-82 68
3 93
80 -59
-62 31
-49 -94
-93 -43
-91 -73
80 39
7 -40
-74 -53
-85 -19
41 74
48 -12
100 -47
28 -45
98 60
53 -43
68 -62
62 -91
-14 -78
-81 -63
-81 -74
-34 46
61 -58
38 -23
1 100
-53 13
38 -15
25 -54
-1 58
-87 -38
-84 42
9 -69
38 89
75 71
-88 -24
-57 41
31 94
2 84
17 -55
12 -83
19 10
34 7
-94 2
28 -26
-52 -85
-73 96
-90 -30
-59 65
2 -15
31 -14
-33 -64
-37 30
98 -49
89 -34
56 -40
-69 60
48 5
-77 -96
74 -9
-100 100
56 71
-18 -3
65 16
-94 -12
-32 85
-35 77
-49 19
-39 -81
68 16
72 -36
72 -65
-99 -93
76 -93
11 -19
-21 58
66 70
17 -99
-68 78
77 -50
20 75
-80 -78
92 -3
80 -56
89 -29
-49 -42
-67 2
-40 -8
-5 -69
-86 -95
-40 41
-72 -59
-81 45
72 -89
-6 -33
60 -12
54 12
89 21
10 -29
-92 -99
77 -49
32 97
73 95
-26 20
-19 -50
-68 -7
-64 -46
45 41
-83 3
-93 -45
79 52
-74 9
73 -56
-68 -66
-92 94
-63 43
-18 -48
-12 61
37 -43
-13 -81
-33 -70
26 -24
9 8
48 94
51 -77
-85 87
81 43
-32 -43
-47 -3
-12 -81
11 -43
67 87
5 60
39 92
24 69
21 -60
88 -42
74 64
66 -65
29 91
-84 -13
78 -59
55 17
-80 10
-49 5
59 85
89 70
-11 17
-52 69
-26 -62
-92 -23
-91 -82
-79 92
-32 -30
8 59
-83 -42
4 16
-61 64
-69 -36
-95 -70
-36 98
-2 -99
73 -57
33 38
-67 -86
-47 97
31 85
84 -2
29 72
7 -49
-52 -42
21 -53
44 9
-98 59
82 -78
-41 -29
-64 100
-25 100
17 -13
5 65
61 -94
-44 36
-96 -33
-30 -35
-20 -45
-29 88
-30 19
68 67
66 57
-53 80
-59 78
-100 14
-39 18
-97 -98
37 64
43 -51
-52 -97
-26 -7
90 77
22 82
63 -1
35 -72
38 -87
66 58
50 -15
47 -32
-72 -66
-87 -22
12 -39
10 67
5 24
29 -87
35 -55
-38 94
-9 87
-55 -27
-16 -39
-35 -4
50 -17
46 74
-5 -68
74 52
-69 -64
17 28
51 -98
-86 -13
24 49
60 5
-85 9
61 -23
-65 91
3 -87
77 -5
0 60
-90 -71
89 6
-50 -22
-64 31
10 8
-25 -70
3 40
-73 12
77 -47
10 26
34 50
87 -42
-65 68
-19 -77
39 -92
-18 50
-64 36
24 -96
-78 -85
75 -29
-94 -95
-48 -21
-99 64
97 -6
-95 -35
-49 72
60 78
-27 -52
-39 82
43 -23
-66 -67
22 78
29 -62
42 -55
47 58
67 92
62 95
-11 70
-56 -22
-12 -53
23 -6
-71 86
53 38
-85 -37
-77 36
-35 50
-46 52
-7 -37
87 -37
77 29
-49 31
-78 -13
-69 93
-43 -71
-71 55
93 91
-72 -15
16 36
90 -99
99 78
78 -65
95 11
-18 -72
31 -57
84 96
4 26
38 -59
-68 53
-9 99
-44 -25
-83 -15
85 -1
-99 47
57 -52
100 -14
12 -96
82 -25
49 1
-77 55
100 -34
26 90
50 -25
39 30
-34 -47
6 10
-83 98
-71 31
1 -59
21 73
31 12
62 18
13 95
46 -15
3 -81
-46 31
-98 -32
-48 -42
76 -37
-81 -30
76 79
24 45
2 92
-85 -54
36 21
-45 -39
-16 95
91 -71
-15 53
24 -3
9 31
20 -99
79 87
-35 -6
83 -12
-55 -59
-75 15
61 -86
-6 -83
-86 14
-39 12
-56 -67
-16 10
-49 -100
-67 98
-92 44
-63 -7
-82 -12
54 90
-17 -69
-56 -97
-82 25
48 33
-91 -54
-85 1
76 -31
19 59
-25 -44
78 38
-77 98
-56 18
67 10
17 96
-44 -61
2 57
-8 -36
-13 -10
29 52
-61 42
-24 29
-36 -89
-29 15
65 -50
-97 -67
86 -14
-87 41
-33 70
-82 -29
15 56
50 -12
43 51
48 -97
-47 85
-49 -40
83 62
63 75
73 96
31 -60
-9 29
92 -86
-61 16
-53 -74
25 -41
92 -5
-85 70
81 -13
15 3
16 39
-43 -22
70 -97
33 36
59 42
46 31
50 -28
59 75
-11 72
-55 41
-85 -45
42 77
77 -71
27 -36
7 36
-90 100
-45 -54
-22 -8
90 -11
77 94
-11 -71
94 -29
-25 37
36 45
-81 74
-81 -11
29 94
-36 -2
78 -46
-61 94
-70 34
-59 91
-79 -42
-99 66
99 94
1 99
-45 12
93 -62
45 64
-96 15
69 -7
-41 53
55 92
-70 19
-2 46
70 57
68 75
72 -61
78 -68
-1 46
-35 -14
-28 82
16 43
-20 -8
86 49
-31 18
69 -80
32 -86
-55 -2
-55 -22
44 73
41 26
69 -37
-5 45
-38 39
-57 -29
-97 -91
-31 -33
55 9
-85 5
-28 -7
-41 -57
-79 44
-96 -35
-60 -8
-16 -19
-34 32
7 49
-13 87
13 -2
-63 65
94 34
34 85
-57 -51
-96 31
-54 -50
49 4
-99 -2
-65 33
79 88
-2 29
45 55
-12 -26
78 40
56 -54
-25 -84
-80 -79
-40 -49
-2 87
87 -76
10 -84
2 -95
-81 83
35 63
-95 7
-65 -96
-35 12
-79 -31
-46 -95
84 85
-7 53
55 58
-67 -19
-52 -11
-19 70
35 -78
85 -79
-70 -85
-78 -57
-47 48
20 38
-25 10
29 -28
28 -36
-17 -33
31 84
-96 56
-62 1
-10 -14
-56 -55
60 43
36 -4
-4 -13
-7 67
70 -46
-40 49
-89 -83
80 99
-62 -37
-5 31
84 -64
-30 -30
92 -19
23 -100
-92 83
67 7
55 -7
-2 34
3 34
99 -4
-38 2
97 -75
22 77
-6 -73
89 -30
-31 42
62 16
-96 -97
-94 -84
-10 -27
36 94
-94 -97
-14 -100
76 85
-43 -99
70 38
18 -52
48 -39
21 9
49 -58
48 15
-100 -48
-60 50
-39 98
91 37
66 -66
-50 -34
1 70
91 71
-27 67
-75 58
66 -93
36 -82
1 -83
38 29
57 -85
-96 54
16 34
1 59
19 99
59 5
37 -54
-50 95
-83 65
61 -77
-82 12
59 -59
-7 -8
32 -78
-17 5
41 -13
56 -33
59 6
-21 -76
42 80
6 52
91 -51
25 11
69 -21
13 -83
90 -40
-59 76
5 59
-13 1
21 16
25 23
28 -51
-50 84
-89 -17
-12 -25
-99 -85
14 57
82 -21
-25 77
12 62
-71 -5
2 65
-99 -55
41 75
90 -39
-35 -1
-66 67
-68 -47
-19 94
38 13
41 27
11 -72
76 -100
28 -78
18 -79
-84 -83
12 -27
-40 68
-3 18
61 98
79 99
-97 -99
84 42
-62 -51
-68 92
-99 57
47 -84
-11 88
-91 2
-87 44
27 62
50 40
-57 -64
81 -1
97 9
27 66
-12 -17
-93 100
-67 33
12 70
-90 74
92 42
63 81
-30 65
-47 -35
56 -13
78 -37
13 75
-62 -13
-23 37
15 -58
-59 64
-49 95
30 48
88 59
43 60
-77 -5
38 71
11 -37
-30 -14
90 -10
-43 -34
-8 56
-80 -96
67 65
55 7
-9 17
0 -82
-46 -99
-67 -91
31 -41
42 -61
19 69
90 -73
-41 27
21 -56
-50 4
58 87
-72 -97
20 79
-12 -20
65 11
-42 10
87 41
29 0
-93 8
98 62
-96 -15
94 99
20 -53
70 21
4 -74
-76 23
-69 34
94 26
13 87
-37 27
-10 -30
-63 41
-1 50
56 17
56 98
-27 82
-79 83
-93 -65
-80 -10
61 -97
15 36
78 18
-81 2
-75 -73
7 65
-40 76
-5 -73
98 23
-23 -87
75 -23
-39 31
22 -50
35 -19
-96 17
-8 98
-37 35
-99 -44
51 -53
-88 86
29 -85
-64 97
-66 61
-52 -95
72 -72
10 69
44 30
-89 65
49 46
-51 32
100 73
10 -31
-94 -7
65 92
-13 -8
-25 72
100 -51
69 -97
-70 -31
1 34
-61 56
46 75
5 -97
-87 -66
-71 71
-73 -71
-99 -77
-45 -14
19 16
-81 50
46 -14
6 -89
93 -82
30 -82
-12 -73
-3 17
-70 -16
86 -42
61 -44
-48 -85
-79 50
8 -81
-79 -4
-7 -79
-23 78
-87 48
-89 60
17 -1
59 70
12 61
45 -68
94 63
31 -62
60 10
11 -2
21 -23
-41 10
66 -68
13 -11
29 66
14 -81
64 69
-58 -41
-47 66
-6 -91
-66 -12
-7 -43
-21 -27
-10 -60
65 -47
5 -30
35 62
44 -34
90 51
-28 51
-44 -98
-79 52
-42 75
27 44
-91 87
90 -81
-42 87
29 70
-90 76
78 91
-21 -93
25 -25
-21 -65
-5 -46
47 -17
-11 59
59 -82
-49 89
-31 -82
45 -91
-5 16
31 77
-69 -72
-84 20
51 -47
-7 -40
89 -38
-40 9
8 -45
47 -38
7 10
53 45
85 92
-92 -84
24 -27
-37 -81
11 -6
-62 27
6 -12
34 -24
20 -47
-82 -27
-57 -82
-53 -66
45 -88
80 58
96 95
-5 -59
17 -44
4 79
-11 76
12 -6
95 23
-27 -7
-84 -50
33 15
-43 14
93 93
-32 -78
87 -34
40 -14
-17 -77
-97 56
46 84
44 -92
9 -26
39 9
99 52
20 88
72 31
10 -76
19 92
36 51
7 58
-88 32
-7 -84
-37 69
-90 -57
57 -66
-100 39
78 30
-94 -69
-86 24
50 -26
73 87
61 74
73 -31
-22 -70
56 -15
-4 34
-2 66
4 70
69 57
33 73
40 47
82 -48
2 -73
-9 -11
-73 47
5 -2
-35 -15
-27 93
76 29
-85 -87
36 -44
13 28
37 82
95 58
-47 -56
-40 45
95 92
-30 70
-83 -62
45 -43
-31 51
41 -46
59 95
-65 31
-18 46
38 -7
-22 25
90 69
-58 18
-33 -58
-99 -40
-99 -7
11 -11
82 52
-20 72
67 54
34 99
-77 -2
92 12
-63 85
23 -20
86 2
-50 43
72 65
-76 79
-8 -62
35 -93
-84 -19
-11 -41
33 98
61 2
-13 23
80 -100
0 -4
-54 30
-7 -19
-47 -11
-91 -53
-32 16
-96 -89
-24 -52
95 63
-47 -26
50 -79
-85 -32
-55 81
-33 -90
19 36
54 85
-27 26
-52 -50
-44 -63
-73 92
53 85
85 -46
-61 -8
15 71
-93 -85
72 -34
-59 -41
3 -27
57 75
41 11
-37 90
-56 88
-22 -35
77 -64
-96 -66
36 -90
60 63
95 -96
-21 45
40 72
-19 42
-37 -51
45 88
-76 7
-59 -76
73 14
33 -5
4 -41
29 -59
3 75
48 -28
-15 -15
48 -66
-53 -41
-76 -50
-18 49
-1 79
-66 42
-43 81
-3 -78
-3 49
8 81
29 18
-11 32
54 0
66 41
60 -95
89 -98
40 98
-91 31
8 86
-58 -38
-55 2
-22 49
-95 -94
33 -3
-26 67
3 -21
85 44
56 26
80 83
-47 -90
25 -1
-55 85
-37 -36
-41 -46
80 -73
56 -95
-61 33
47 28
49 -1
-11 -58
77 91
-99 98
-45 -68
96 45
-26 19
-80 2
-91 -46
-18 -82
-51 -13
-5 -22
-89 95
1 -65
38 21
-21 -39
-68 -49
66 97
10 56
81 -92
94 -22
-81 16
21 -31
54 -62
100 -86
-72 90
-26 37
64 -34
-23 84
32 -25
-1 -83
-86 58
86 48
67 -93
78 -42
65 25
-3 23
72 55
3 -42
-35 -51
76 -52
-84 -48
-20 -5
-70 -38
-93 -76
-86 -30
-82 -69
93 -4
-33 18
-97 -72
-91 6
-63 -41
-20 30
-29 -79
8 -17
-90 36
82 19
-31 89
-35 -78
-6 -27
-22 32
84 52
-27 -41
21 48
71 -76
51 10
-53 12
-62 6
66 36
-48 4
-67 6
-61 88
16 40
-50 68
85 -34
19 -40
-85 -100
56 13
81 -66
69 -31
-54 -77
85 15
90 -12
-29 33
27 25
-65 -12
15 -81
-26 -56
-37 77
16 -8
-44 100
66 92
6 -44
37 -10
-44 34
-40 -76
55 -41
-82 75
-38 -74
-15 36
-60 97
17 -21
26 -33
-58 25
24 -87
-67 -72
85 98
-50 -10
-63 89
-8 12
-27 -21
0 84
-68 87
31 73
23 6
33 -22
-87 -50
90 36
-11 -37
-75 -60
92 -55
-99 -78
-52 -39
-67 -18
-46 84
-9 75
-56 38
29 -100
-15 86
92 -91
71 -62
-51 -18
35 -11
-33 4
-47 90
-1 -79
98 20
-50 36
58 81
46 38
24 6
-89 90
-30 59
-11 57
-60 87
-58 20
-82 22
-86 43
16 2
37 -58
63 -29
61 -64
47 10
85 85
1 -85
11 -81
-38 24
41 -72
94 51
-63 -4
-85 -46
-3 28
-16 75
-68 -78
-14 74
-19 -4
-27 21
44 -41
2 70
35 -59
71 -87
-42 32
81 -45
-65 -94
-97 -2
-31 -61
90 -23
23 -66
77 79
66 44
-67 23
-35 -12
-71 94
-63 29
29 -24
-29 2
13 -77
-41 89
57 -29
-7 71
-67 14
-82 -52
-69 20
11 20
-9 38
45 8
85 19
-43 -55
-28 -32
59 -50
-35 -89
-74 -100
-74 -67
-29 -49
46 79
44 12
-81 -12
63 -80
83 94
39 43
41 -86
-67 -55
-88 -13
-82 87
54 56
-10 52
-73 99
-96 -72
75 -88
16 -73
68 -67
68 68
-78 -62
65 -34
1 -54
-62 -18
-5 93
-93 7
97 -96
75 -37
-13 -48
-62 78
77 86
85 90
42 -42
-93 -19
42 -91
-45 -43
74 79
65 86
-12 11
-89 -72
-89 -94
-70 -49
-12 -67
86 -20
-47 -12
81 87
55 54
-50 90
-37 57
-81 31
-16 -44
-28 -90
67 59
13 -91
-15 -75
62 -92
34 -61
-60 36
18 -5
26 98
-26 -32
-45 90
43 -63
-56 20
72 -70
-42 89
-57 -17
77 50
45 -78
-23 67
63 -9
30 9
19 20
-72 20
25 7
82 49
-14 89
82 -4
-68 -23
73 -73
-43 -86
44 88
81 49
15 13
-94 90
-75 70
24 -70
-39 16
-65 46
43 -11
-86 -23
27 51
-41 -53
100 -4
-71 68
-46 49
-47 -81
-52 33
-3 61
-16 66
71 -71
-49 35
-35 53
-8 7
28 -17
-45 42
-1 -34
-64 44
28 -87
-100 -4
91 -92
-93 -8
-22 -67
40 56
-12 46
-73 23
12 65
-90 -65
-27 -80
99 -36
36 77
66 55
-80 -50
-45 -72
17 54
31 -49
-39 -14
-77 -99
-69 -10
46 -38
85 31
17 55
-95 -51
42 6
-7 -62
-91 82
26 54
39 -79
99 -29
24 -97
-92 35
33 87
75 -99
18 -42
26 40
67 -14
32 57
-24 -96
-90 55
-89 31
-3 -86
-30 10
42 -15
-79 22
77 -74
-48 75
35 56
-75 -99
83 -46
-43 23
13 46
36 24
-50 -25
-76 89
23 34
-49 -10
-58 -10
4 75
33 -79
41 -93
65 -44
81 -35
20 -7
-57 6
-75 -64
-91 -30
19 -70
-46 -23
-69 -16
-2 63
13 96
-29 77
96 1
-26 -2
32 69
-80 -75
53 49
43 16
-45 56
48 -5
-99 -15
-85 22
11 48
84 94
-54 80
30 -49
86 -39
-10 -20
-6 -77
-50 -31
20 -69
21 -96
-62 25
90 84
-65 -50
-77 57
70 -64
100 -89
-91 -84
99 72
-96 -49
56 74
17 -84
72 13
17 89
-24 -53
-29 9
8 26
100 79
18 -68
-43 84
42 3
-70 11
82 93
-2 64
-67 53
27 -82
0 -19
18 -62
7 -89
58 75
44 -50
19 33
55 -16
-20 -68
4 67
22 -43
3 -12
11 -67
-48 28
-56 29
-44 10
-93 -64
32 -33
100 54
-77 -45
-21 37
69 13
-6 -99
-8 -41
21 60
89 -85
69 -67
29 -73
75 43
31 9
-12 -45
-91 50
-82 17
-15 27
21 -34
-93 -27
11 -42
-35 74
41 94
-57 -83
85 1
47 -28
-50 28
-3 -21
-95 -58
27 100
-44 3
-32 -76
40 38
-7 49
-6 99
-64 -98
-9 97
-78 -70
6 96
-4 -49
-99 7
5 92
58 -55
-95 38
84 -3
-29 62
-34 -34
-86 -90
-24 -60
-23 -38
-39 -7
-55 13
-4 21
97 -15
-35 41
-93 -66
20 -61
15 -6
77 54
66 -87
27 -100
-6 -44
2 -72
-6 -50
85 -2
80 86
-22 -4
-64 69
58 -98
86 -51
-76 -93
-15 -74
-42 85
42 41
-98 -38
65 54
-91 5
-11 -16
37 -82
-5 -53
16 88
-5 20
1 -57
-33 -79
-2 -14
-61 -15
-62 59
-27 11
7 79
-2 -30
26 -83
-78 56
12 24
-40 73
27 -87
50 -4
-50 -69
-9 19
51 -92
86 -78
78 0
64 -30
-76 -40
44 66
69 36
-84 -15
-3 -84
82 42
-97 -77
-36 34
-1 -93
-95 42
-73 -24
2 73
-13 53
-39 34
79 -42
92 -74
1 17
-75 87
100 34
37 -28
19 17
63 -3
0 42
-77 -59
13 -73
-90 -100
89 -75
-18 99
-16 51
71 94
-11 -6
-36 50
-32 37
38 87
35 -44
-83 -88
-73 -35
74 -34
36 -37
-49 -7
-6 -15
-73 -64
98 42
-86 -88
-64 -84
-96 8
79 55
23 -29
-81 82
-47 -66
91 98
80 -29
-24 -6
-28 91
4 -8
96 -62
14 -85
-47 50
-54 -62
64 -36
-89 -10
52 -66
-67 -29
19 -49
-13 -11
7 37
22 35
-53 97
60 -83
-59 79
-87 58
98 -59
-52 -58
75 -59
-65 85
36 -75
-93 29
-99 78
77 -59
87 -12
43 -78
-8 64
84 84
-67 -38
-10 -2
-51 -22
-36 -90
-17 -78
-63 -95
-18 -47
-19 -96
96 50
-11 31
-92 95
86 18
55 36
29 86
79 -5
-100 -12
49 33
83 -76
-89 54
98 36
-78 10
-54 33
-63 -38
92 43
91 -30
59 -27
-10 -50
-69 66
-18 -100
5 -18
-88 20
63 6
-57 -39
-90 81
-3 -8
95 8
-9 83
90 27
-45 48
68 -78
-64 -64
12 100
93 51
61 -42
37 7
-8 -32
-8 -7
11 -96
-64 19
40 89
94 81
-4 19
49 27
88 38
89 20
-46 34
45 51
12 56
-38 6
100 90
-88 -68
-32 -77
87 2
-55 -92
-7 8
-15 15
-51 -68
-84 57
94 -66
95 -36
32 -52
-88 -37
-52 -25
-54 16
-72 54
98 -40
66 30
-41 63
-1 40
-61 61
85 65
40 -91
-1 97
-1 15
-97 -6
-14 -23
10 35
-89 -77
-73 85
-39 -18
12 -80
-48 -16
-44 -2
92 -33
-40 86
46 -25
-72 59
-46 -29
79 -44
-1 37
97 47
7 -34
-94 11
73 54
-2 -48
-80 -33
91 -31
81 47
-100 -51
-29 -24
-37 -96
-73 -63
91 -39
78 74
3 -3
-87 -61
74 -32
56 0
14 11
2 45
9 73
73 29
-94 42
-31 -96
71 16
-93 20
68 -23
83 -56
80 53
90 41
19 -65
-78 -8
80 -35
49 -5
-41 -72
67 -41
-89 82
-15 -77
-95 -74
-97 -4
60 -26
-2 15
-45 70
25 63
2 82
25 -39
83 -30
-70 -87
-79 -66
40 8
21 47
6 -39
-30 28
-56 -48
48 13
-100 -21
22 -41
-55 -64
8 -57
22 56
71 78
6 39
5 -64
61 -55
-81 -37
34 11
-67 99
-14 -55
10 -2
66 40
77 -12
-86 68
82 46
92 17
37 -14
39 22
1 47
88 -9
-38 -82
61 -56
95 -85
-33 47
-97 26
1 4
51 62
19 39
-100 -15
93 -59
9 85
40 -27
80 -42
-30 16
-42 -38
1 -79
81 6
60 -42
-38 -81
60 -74
88 24
42 -82
9 9
14 90
5 -83
-41 -2
60 12
-63 42
57 -11
-98 -63
45 84
-67 -93
-71 -58
-32 -40
43 -87
1 -89
71 -4
-40 88
-100 -97
-44 17
28 -48
-75 69
2 -43
-69 56
-13 -92
71 -16
-8 52
-45 -98
-50 -19
75 67
-65 -62
-48 59
-73 73
51 -57
23 24
39 52
-13 48
13 -31
-26 -31
88 -92
11 12
51 54
-76 17
64 45
-86 -29
19 48
-93 -49
-99 -19
-55 -79
-43 -43
-86 -100
-92 8
22 -5
73 -11
93 36
82 -35
83 -94
66 -95
81 -11
54 -54
32 83
68 -66
96 9
50 -44
66 -9
-10 -12
61 -87
-16 53
-17 -42
-41 -73
19 37
-14 4
27 67
-48 19
66 -18
92 -85
11 9
6 -7
-82 58
72 -30
-77 44
17 70
9 55
-71 25
7 4
-54 15
-48 43
23 -91
-82 -90
-77 -48
47 9
96 60
97 -63
98 43
39 12
98 100
-84 -6
100 2
2 -44
-80 64
-23 -4
-89 -50
-54 69
-82 99
-39 -35
63 51
86 78
37 71
-58 -49
46 -86
61 91
-42 25
0 -13
-68 7
32 -74
93 -71
-25 -93
83 -43
98 70
55 29
40 -96
-6 -36
-87 57
-55 46
-32 60
26 -30
56 -41
-78 -2
-23 -99
22 -71
43 -46
90 70
38 33
95 24
-57 7
-4 -3
-92 97
6 -72
49 28
-89 -31
-83 25
-21 99
61 -66
-23 -13
83 -21
-23 -34
-52 -3
12 9
98 -25
38 39
72 92
-58 -2
18 95
-38 31
-16 -25
86 -88
-97 -22
68 -21
83 -42
6 -15
-7 2
58 -94
79 30
23 67
-100 -56
8 -90
87 51
67 48
-54 29
54 -53
70 56
63 -31
-85 -75
-40 8
4 64
59 -97
-75 -69
23 -43
-96 24
80 80
-66 -18
85 0
7 71
76 64
52 -100
-88 14
-18 84
57 -53
28 -38
11 90
-29 -17
61 -89
-13 -90
57 -67
-54 51
-49 57
15 81
1 64
38 69
-57 40
20 2
-17 71
-55 -9
87 -51
26 65
88 89
50 -80
-48 -20
-50 -45
-67 -64
-32 23
64 -91
56 -25
78 21
-59 -73
-46 60
-45 78
63 -55
51 -88
-9 -68
26 -70
92 -97
-39 85
-66 85
-60 63
-6 13
-78 -97
-46 97
82 -32
1 36
-1 -52
-22 -42
6 28
-11 -83
-68 -9
99 46
-81 84
31 -85
53 -27
-20 -9
-33 29
76 -79
-44 95
18 35
-9 93
-100 95
-7 96
-9 85
-46 -47
19 -67
31 -89
-33 -39
7 40
-71 -33
42 85
65 -61
76 -83
94 -50
82 34
-45 27
97 -65
20 -77
89 67
65 89
28 88
24 -9
74 8
-46 -73
22 -65
9 67
-70 -78
17 -25
-89 -15
-84 -5
43 35
30 30
30 -99
11 -52
-1 83
54 59
-28 19
-39 -62
87 -38
13 83
-70 -59
17 29
96 -61
-54 -63
94 -32
-1 27
-74 -82
-88 -9
21 81
-17 60
97 20
73 73
52 -95
11 83
38 -62
-13 -51
63 -23
62 84
52 -60
12 -20
27 -58
-24 44
-14 30
-34 -62
-48 -68
-28 -81
-36 -5
67 -8
-91 88
39 11
83 61
-66 78
-37 78
25 -72
-67 -70
-62 -58
97 59
-18 -58
-32 -29
2 81
62 77
25 -35
77 -19
-12 -89
63 -26
48 -53
85 68
-71 -38
-52 -40
-59 -14
-11 -66
35 93
-69 -31
85 38
-11 79
-31 -45
21 67
76 30
-89 -82
18 34
-60 -76
17 31
22 -60
-63 63
56 -87
5 29
-58 5
-59 -38
5 -39
6 4
-33 -28
99 -78
61 70
56 6
21 -99
-79 97
-38 -16
-33 -81
-75 -81
66 -75
-78 100
-84 90
-30 8
-30 37
-87 29
-96 -32
89 -70
29 93
25 -70
-62 -80
-72 51
52 51
-96 68
31 49
59 69
53 9
20 64
70 -17
-4 92
-3 7
-39 -41
67 -24
94 25
-60 39
-61 48
43 4
-50 -61
47 -65
-96 -81
44 72
39 38
82 75
-40 -47
-37 -6
-15 7
85 11
80 -44
82 -90
-78 -58
-61 10
17 -2
-95 19
3 30
-92 -1
51 94
88 -96
2 -36
62 -4
-85 -28
85 -81
85 83
47 -81
84 -58
65 52
31 28
-15 -50
36 -59
53 -84
75 48
96 38
-78 45
-30 92
-81 44
-85 58
18 32
-54 -65
80 -3
5 76
20 -50
13 -51
55 72
53 -49
14 24
12 -33
-6 -47
-64 4
-52 38
-33 99
61 -30
-99 -4
-33 26
99 41
78 -63
-63 -21
51 -36
47 -82
100 89
3 -35
-61 76
-76 77
78 90
-34 -66
-56 -11
46 6
59 -39
95 -11
-26 -72
70 -21
-99 -60
-31 -15
-19 98
9 -12
4 77
39 -24
62 -17
-31 68
-3 -13
13 69
-54 -91
61 -69
-31 -31
31 5
-24 -13
49 -50
-97 20
6 -47
-77 67
-38 100
-60 78
78 52
-39 -66
-61 -30
-85 27
-49 -62
-32 52
85 21
-8 15
100 8
-70 61
-9 -54
-39 44
88 -84
74 -67
-2 61
-13 70
-5 -25
46 -100
16 -81
-84 -41
47 -95
-62 -59
-56 50
-26 45
-39 59
-93 31
40 -90
-35 95
7 -60
53 -100
-80 47
92 -88
-6 -9
39 78
71 -96
-67 -88
13 -26
74 -85
-32 51
25 78
-6 91
73 58
-6 10
71 71
-28 -74
-11 62
-22 -96
71 6
-54 -2
-22 69
-17 99
-36 55
-27 -15
61 42
34 82
-36 -91
54 53
-50 85
34 62
-60 -83
-91 -62
58 -82
87 10
21 10
52 82
76 77
-93 -96
82 45
1 -9
-32 57
-88 -14
-6 -34
-96 97
-11 -94
13 -86
61 55
74 -26
-75 22
80 6
-47 -57
66 -37
66 -7
-55 -81
79 -89
-25 89
53 -8
-19 75
-96 41
86 -28
93 40
97 22
-38 -27
49 -68
-16 -45
-76 33
-95 -18
4 42
64 16
-83 49
-73 58
34 12
69 66
48 30
23 44
91 -14
-38 -63
-79 -84
58 -32
47 93
19 -37
-36 -11
97 84
53 -47
34 -12
-48 -24
-3 -18
-34 25
-76 20
-66 37
-60 -13
56 -43
100 -24
22 -51
14 -31
-69 -6
81 42
3 3
72 10
56 -100
39 -69
93 -7
-83 -97
-7 -74
-27 -42
6 -29
89 46
44 -6
72 -99
-16 -21
100 -2
66 -34
-50 -100
10 3
-93 53
-75 96
-58 15
-21 -30
-78 72
54 -50
100 68
6 55
-9 61
-70 -99
42 1
-85 -14
83 -55
-44 47
-56 49
-18 -41
-44 -53
-97 -61
76 -36
-45 -2
81 -7
18 -47
-94 12
11 11
74 -29
78 84
39 27
20 -26
-6 16
87 -52
-84 -14
-82 65
-81 -100
-49 -49
93 -55
52 39
13 -53
69 76
49 -79
28 26
50 -40
80 62
73 -66
-66 54
-35 19
33 4
23 -50
-2 44
82 -69
-64 85
69 23
-100 -27
-96 36
-14 86
-11 -90
10 -12
-43 46
-15 49
-24 56
68 37
-90 66
-91 90
-79 32
85 -51
28 -55
74 -99
69 -40
61 23
-29 35
17 39
-2 -67
-33 -20
-80 88
92 -79
11 -30
1 -35
2 -59
27 20
-83 18
-60 -25
25 28
-4 50
64 -61
-79 79
-42 2
-26 -47
-6 62
-67 55
32 -81
87 -36
3 69
90 -87
-43 97
-20 -48
12 35
-62 80
72 62
-71 87
-62 -65
-6 85
-64 -34
72 97
95 2
-65 -33
-66 58
-58 -12
-72 88
40 -83
76 -78
-33 91
-37 49
-43 90
-12 -72
58 100
9 -1
33 -24
11 13
99 9
-6 98
-84 -36
40 57
93 62
-100 -71
-54 -37
-68 45
-58 -97
-12 18
82 -52
-93 -68
-83 -66
-35 11
67 22
-57 80
1 45
70 30
55 -13
-19 -86
5 18
-28 81
-94 17
-25 57
80 -13
-40 10
67 -56
80 -72
-99 53
-76 5
-72 -8
-34 -35
-82 91
-78 59
10 -57
54 -58
-18 61
-89 -25
-78 -64
-90 -56
90 -55
19 57
-13 -53
92 20
-82 0
-51 9
-25 -48
2 -60
22 -42
47 63
-14 26
16 -24
-58 -77
-91 -81
-6 -7
-17 61
87 89
100 22
26 -4
-88 -72
-79 -60
-22 59
91 -64
-23 -16
93 9
51 -2
57 33
72 -88
-25 12
-25 53
-31 29
13 70
10 50
17 -26
5 -73
20 6
99 -12
99 -5
-70 -53
-65 38
-92 -71
5 15
28 -32
-92 99
60 92
-24 22
47 -94
22 -9
37 55
-39 -67
-80 65
54 6
-66 -30
-87 24
7 -98
-31 -55
-4 -68
-26 -94
-20 5
-52 24
-82 -28
-17 -92
-8 -76
-28 32
71 74
-15 66
-65 93
-77 2
27 96
-42 63
12 -5
-31 87
81 24
-85 -18
-88 -55
-78 42
96 -92
91 -81
26 60
57 -91
-7 -12
67 -58
-4 25
-99 -5
96 -16
-77 -15
16 42
-21 83
-64 83
-41 60
25 93
95 -15
33 55
-48 -40
-3 -27
-82 89
25 -38
-36 97
-78 31
-74 82
-46 23
13 86
-26 52
-86 84
81 -31
95 -26
-28 30
62 70
-20 -76
78 6
22 -35
48 11
-70 64
-87 59
-64 -95
93 -67
18 -34
99 74
45 -76
-26 -54
35 -48
54 -23
-36 -43
98 -4
30 78
-89 0
-6 -53
-54 12
66 26
9 95
-3 19
-20 -75
-69 -95
-6 -69
-42 -13
29 8
-97 -12
11 -31
-62 42
67 -42
27 69
17 -80
-79 -17
53 -89
79 98
52 -89
45 -98
62 91
-96 -58
71 12
39 15
15 93
-75 79
-100 9
-97 -3
-100 7
-36 21
-2 -89
98 -92
-7 40
-26 100
19 -5
99 39
7 9
25 25
25 66
-87 87
74 1
21 -89
-78 -84
84 72
70 -34
89 3
58 -81
-33 54
-20 -90
0 -59
-15 -54
-46 77
49 79
93 -74
-26 -30
20 37
42 -94
38 72
61 -84
79 70
21 -7
76 -43
-2 70
-54 -87
34 23
-10 65
-73 -74
-25 36
-81 -86
100 70
49 -76
67 -6
21 68
-48 94
-19 86
55 22
-81 69
23 -95
-83 27
-67 39
57 -65
-10 -9
-34 -75
-19 33
32 -96
-87 6
-16 33
31 -19
25 -69
36 -55
-38 23
94 80
-19 6
76 -84
-79 -55
-64 -92
-87 61
-73 48
26 70
45 28
88 -27
2 -34
28 94
-44 -16
89 87
-6 17
24 8
-47 67
14 42
64 -59
-27 -51
-7 -47
74 86
34 -37
-86 46
-40 33
54 -24
30 -26
3 -13
37 33
89 -24
54 82
49 -87
-51 38
41 -31
-92 -72
47 -90
88 97
17 23
-5 68
100 -85
-41 -40
39 0
-17 -51
5 71
36 68
-52 -48
-20 -55
72 4
-30 -98
-59 -60
-45 91
2 1
-54 -44
-49 -28
83 52
7 45
-18 -57
-74 61
40 3
-85 4
6 80
-71 -28
84 -62
-43 79
-5 89
59 -49
-48 -29
-98 -55
76 -14
91 66
-12 74
-28 55
60 -66
-99 40
-1 -71
-83 -49
-24 -29
11 -40
-40 52
-17 -12
-32 30
0 -29
83 18
65 23
-48 14
64 -7
-52 -55
81 96
41 -16
0 -18
-3 29
-87 45
62 -63
-72 82
-17 36
32 76
-66 -17
7 23
-78 26
-2 -4
36 -7
72 -1
-77 -49
61 62
87 96
33 18
20 22
-62 65
-34 4
-97 72
-10 21
-60 -38
-4 58
41 32
62 35
-21 91
-30 67
-59 84
-42 -78
6 29
-53 -8
10 13
99 -13
-1 -70
-34 -51
0 39
99 -8
-27 -66
-63 -1
35 -14
84 66
-7 -92
6 -58
37 69
-4 -73
-32 74
-78 -45
10 -78
38 -57
-49 -18
-78 68
32 66
-1 28
-11 0
-44 -43
-38 84
46 94
9 -39
55 -92
-32 -14
-17 67
-54 31
-13 89
78 95
82 39
49 -37
-27 -27
61 72
35 67
-19 91
-48 -25
17 -68
19 45
-61 41
18 -99
-80 15
94 -74
-50 7
77 20
17 20
14 -73
-90 94
-50 10
11 -91
39 1
88 -14
-5 -64
66 -36
-45 -82
-88 -50
71 53
83 26
-86 -71
-74 5
23 72
-75 5
-46 -71
-94 18
80 -84
-63 13
100 7
-25 -64
64 15
80 36
-86 -86
35 -26
97 68
-76 -53
49 26
47 -30
49 54
85 46
-65 -5
-17 22
20 -8
80 60
-55 33
64 94
83 -71
29 -51
89 -63
13 -8
-86 -33
-18 77
-100 -74
80 94
-10 53
-70 -88
-32 8
-68 -21
-96 35
-39 96
-49 -61
55 66
47 -77
-36 -24
-84 2
-94 16
-87 -17
-81 -87
51 85
-19 -82
18 -14
-64 5
-29 -46
-13 95
-93 -71
-96 -85
-52 26
-96 34
-83 37
-69 86
64 -52
-67 22
-92 -78
-40 100
-16 28
62 -67
-7 -26
33 -94
-100 -44
78 15
23 -32
25 -15
-3 98
95 61
55 -33
73 56
77 -6
-51 92
34 -7
82 22
-19 -22
82 -89
86 72
60 94
28 16
-53 -69
28 -42
67 44
-96 23
-83 75
-92 -90
-100 -30
21 -10
-80 -68
20 -62
12 -7
50 90
-72 34
8 -20
31 74
81 45
-98 -36
-9 42
-38 96
-51 -61
-59 52
-100 28
96 -1
99 100
-18 87
21 -42
93 31
29 97
-64 -28
-57 22
-34 55
-90 32
-22 14
1 -80
-6 -79
86 -84
10 90
-43 95
-85 -76
16 -45
-28 100
30 -1
63 -57
3 -8
74 53
-36 -72
-62 35
-83 86
51 27
-34 78
-38 50
-22 66
-47 -31
54 -72
85 26
78 77
-7 44
29 -97
-33 -97
5 -86
-79 4
92 74
70 -3
76 11
36 86
-62 84
9 88
-47 63
-36 41
-33 7
10 85
-67 -41
41 20
67 86
49 93
-17 -87
52 94
-3 87
-30 96
-34 82
29 23
-33 -91
-47 -62
97 29
-67 -40
-39 69
-92 62
47 4
22 36
15 -18
-74 -75
-99 100
1 -81
-85 12
75 -85
-42 100
-8 5
20 46
59 59
5 -26
-100 -38
40 -25
52 47
-38 -75
29 -1
30 7
-40 92
-23 -88
-16 30
-20 40
56 22
-99 -91
76 -64
25 97
27 -7
-20 1
-41 34
-79 -12
-14 -42
11 99
17 -42
45 -48
-1 -72
99 25
-33 53
54 -49
-34 42
40 75
45 58
-40 -46
-92 -34
-86 -19
-59 95
-70 62
70 13
57 96
-8 -79
26 -84
-89 -95
32 -87
4 71
-69 95
70 -91
87 24
17 -96
0 -35
-73 63
14 62
-87 88
2 8
72 -26
-98 -79
-30 14
-24 45
-5 59
-31 -80
91 -63
-72 -24
80 -45
44 -87
39 39
10 -4
-5 74
-61 53
22 -82
-71 44
47 -97
26 -93
-29 4
56 -20
-51 -39
-38 42
-41 78
-73 -80
-39 -83
46 24
-97 -9
-50 42
38 -21
-43 -42
-16 -42
18 38
-55 -31
-7 -77
79 -56
87 73
-12 -14
30 -68
35 -22
92 -90
-28 61
-90 -47
12 0
14 -72
-52 52
71 40
-9 -1
89 -2
78 -83
-28 -23
69 -26
-5 -99
31 -4
-70 -54
-57 68
-90 -20
81 -26
34 17
39 48
63 -64
-63 -12
40 -99
-75 -98
-59 -64
-81 24
3 -15
69 -75
7 42
-67 -49
58 -2
89 82
-88 36
-28 -5
-30 -23
-62 -74
26 -44
68 49
5 -90
35 97
59 25
40 76
75 22
-21 22
-8 93
23 -45
57 -44
-98 -100
-97 -69
70 17
-95 10
14 -100
32 -27
17 -58
-78 -95
83 43
-77 77
-53 -45
88 -55
88 -56
37 98
73 -36
-1 -90
-47 -63
-67 -30
-74 79
70 25
24 27
-17 -50
75 -7
-61 59
65 95
-47 98
94 35
-77 59
-99 81
-12 -6
-6 -60
18 -85
51 80
57 77
-30 -34
-67 93
73 30
-82 -25
-38 29
-60 0
-80 -36
-44 69
-93 -14
-35 -82
35 94
-42 0
29 96
49 60
-70 12
-98 -44
-52 72
54 -69
-33 87
-25 91
-98 60
-5 -45
54 -82
86 50
-52 92
50 76
-76 -97
-2 -12
90 73
33 94
26 56
-88 -66
76 -3
-54 10
-95 -61
-86 93
24 -95
-58 56
-37 89
-89 -19
62 60
48 56
-27 -49
-54 -83
98 -52
-89 -66
35 -77
-34 -95
32 6
63 -34
-29 -50
-49 -32
63 -41
53 -42
8 -36
-17 -99
17 -60
-88 -46
-19 61
-45 -95
-83 40
-97 8
-73 -20
-51 70
75 80
53 84
93 -25
12 28
94 -86
51 56
-41 5
-55 70
46 76
-81 23
47 -67
-32 88
-93 -23
48 3
41 28
-65 51
-22 -93
-4 -18
48 -29
75 -45
86 7
-13 -44
-28 -63
-60 -12
-86 16
-12 64
83 -93
74 -59
-46 -91
98 -81
3 83
-4 -51
-37 -56
-1 -55
64 41
-72 -18
87 7
17 50
66 2
-57 -40
21 -81
-54 -15
-60 8
-74 89
-74 -45
-19 -34
-20 -69
16 -71
20 -37
52 -84
53 58
97 -10
76 84
-98 57
67 16
-10 83
97 46
41 -73
26 27
-40 -75
57 -57
66 -11
90 39
79 37
-75 66
-37 76
64 43
-86 26
94 -99
-67 36
-12 80
1 90
52 98
95 21
-23 94
-38 -87
1 46
-29 71
-8 -82
27 -27
-100 -62
-84 33
39 -74
-62 -87
91 -75
57 -61
-93 21
52 52
-50 13
57 85
-68 4
92 -73
36 97
96 -84
47 -100
-10 57
-79 8
-53 69
-28 -65
22 -34
28 -24
-30 76
79 29
56 -72
-60 83
38 -97
25 -11
-89 57
21 83
-71 -48
26 94
-4 43
18 20
31 -50
-54 -54
-70 -47
50 18
23 81
82 47
-82 32
81 72
-83 -9
22 -33
14 61
26 11
-83 -72
-36 -60
85 -5
-83 -10
23 -15
-43 70
-78 19
-35 -85
-7 21
-90 -64
54 20
-43 -9
-18 64
0 80
-67 -89
-51 42
-5 -24
-14 44
-60 -37
-100 -82
-96 -77
74 -12
-52 -38
47 24
-25 52
-21 -25
-36 8
-73 -9
70 -28
-70 -7
-70 -35
50 -70
72 33
-46 76
-44 24
74 55
85 -55
-75 -65
-20 35
-98 48
0 -67
-60 96
92 -78
-65 29
-73 -52
-45 81
-58 -43
28 -94
22 -49
1 71
70 23
-77 -4
-40 32
31 -96
-75 -53
-7 64
70 46
-67 17
-40 62
32 11
52 -16
-8 -14
-3 -50
-36 -64
87 78
44 51
43 -88
-78 -39
-66 72
40 81
34 -75
-9 -23
67 -99
-37 -83
43 -45
-72 -60
48 59
69 -64
95 39
-8 99
35 -47
67 -4
75 -39
16 -96
-84 98
0 59
-79 39
-37 -14
-94 77
-21 39
-27 -29
-59 -9
-14 -10
83 45
-64 82
99 23
-83 15
-50 64
-93 -51
-74 58
95 -93
-21 59
18 15
-23 59
-58 -5
94 20
32 -64
-95 -80
64 58
76 37
-64 -8
85 61
-38 -12
51 -26
42 -67
75 -78
-74 -97
33 1
-61 -77
80 21
88 -68
-57 -25
13 -75
-10 77
83 -95
11 14
-56 79
93 -32
-12 -10
-32 -93
-52 97
-10 -47
66 -2
-19 -51
-93 -11
18 84
93 37
-86 -52
36 -95
36 55
-36 7
18 52
-64 6
60 97
23 53
-9 24
-82 50
13 100
49 -36
-78 14
45 -6
48 42
-64 37
38 -3
91 18
-25 -9
-52 5
27 34
-74 17
37 72
-97 4
-88 39
55 59
-90 -51
13 -63
0 -15
93 4
68 38
-84 -3
-3 -72
-15 -39
60 67
-75 29
23 60
-67 61
-27 46
81 -70
12 8
26 -71
-73 -98
-63 28
85 93
-46 61
-90 -27
-28 -52
8 2
24 -90
44 -51
-7 52
-34 99
58 82
-30 -55
69 69
-83 -37
-29 -64
-92 30
51 -17
77 65
94 -54
15 -53
-7 35
-22 -34
25 43
-52 11
-71 -50
-53 -100
-95 34
-55 58
-15 -30
-91 98
38 -61
86 -41
-29 40
-66 38
49 -33
28 -64
-44 -29
41 82
-61 57
68 -46
-85 -66
68 -43
-57 -86
-42 96
91 5
-22 55
-20 -56
-14 23
2 10
-90 73
-72 -77
-13 40
-55 39
19 -1
22 -19
-13 -85
-76 44
-46 -82
71 -93
7 95
55 5
29 20
42 2
-71 74
91 -80
13 -49
-77 -41
57 71
20 61
38 -84
4 -90
9 -97
-10 -17
-84 56
24 -47
-83 91
-30 -61
-28 52
-87 -41
-95 85
-10 82
-49 8
-96 -78
74 0
27 -64
1 -3
41 -91
-11 -35
-54 94
-66 -91
-95 -79
-11 -24
-84 -17
-6 83
-5 -95
77 -65
-56 -63
-19 80
9 70
82 13
-15 82
44 4
-70 49
-11 23
64 44
-26 0
64 -31
17 -12
-76 31
-35 -29
41 -19
7 17
-45 -66
66 -13
-97 89
-10 -11
59 -24
-53 -67
-55 -1
-32 7
-95 70
-11 1
90 -89
-44 70
-72 1
95 -18
38 58
-98 84
-24 -23
2 -83
57 -50
69 46
100 -17
-42 -56
-5 -62
-83 -100
-10 70
75 30
-34 -74
-24 19
27 5
0 47
7 -68
-89 11
44 -5
7 -12
-46 32
-47 26
37 -61
-36 -55
-79 58
92 35
1 84
-79 31
-96 -95
54 71
75 -68
1 -24
-51 -34
-97 32
33 24
-17 -68
-74 15
-38 -85
-99 -27
34 97
-74 -20
-28 53
-97 44
-61 -18
-7 15
-71 99
-8 -6
39 64
-42 9
90 -79
-22 17
55 -98
87 -65
42 47
-47 5
68 4
11 -73
-43 -11
79 74
-9 49
-10 -63
62 43
-76 -73
34 60
0 29
79 -98
35 -97
-71 89
87 -49
-96 87
-77 -50
83 47
-17 -21
66 99
-98 -27
36 37
98 -62
8 94
18 -75
42 -56
8 0
70 -62
-97 -1
-46 -11
-8 -83
48 39
-82 -84
50 -97
-33 59
-32 -8
-52 45
34 -6
-91 -75
88 10
-70 8
50 -46
30 15
-17 17
24 -1
56 51
25 30
42 15
69 -81
15 80
2 71
-55 -66
-8 -93
-12 -21
-69 -75
-65 23
70 8
22 -1
-51 99
10 81
59 66
-2 22
45 67
21 24
81 59
-47 -43
11 -41
90 25
4 -72
20 -81
8 -93
7 97
99 53
-4 -57
44 69
-85 -68
15 17
54 -41
36 31
23 61
96 -77
13 27
60 3
82 0
13 -14
23 -30
44 35
-66 47
-49 93
-66 -27
69 26
15 -33
-3 -11
-23 -92
64 -98
-76 -14
86 44
65 -66
-25 -69
88 -85
36 52
-95 88
-69 75
94 -51
9 -18
96 -90
-69 -59
-68 -83
-28 -26
-32 -12
-36 -46
-66 -9
67 -85
-70 -62
-89 12
-95 -54
-9 68
75 -36
95 29
-18 0
32 -7
66 67
-39 76
13 32
-58 100
-56 -21
-38 -88
-49 -16
98 12
14 71
-84 80
-9 -25
-18 -68
37 97
13 25
-87 -77
-49 -52
27 -62
-94 -77
31 79
77 3
69 -92
45 2
-71 -21
89 -27
45 15
-24 -14
59 20
0 -85
70 -53
-3 -89
-57 54
-47 18
-46 81
86 45
51 -67
-46 -31
93 -89
51 19
-97 -29
-67 -12
-56 37
-68 -60
-57 4
-42 30
-6 -74
-1 9
56 52
58 -83
-57 99
17 -50
-52 14
52 -31
56 100
-56 -3
18 -15
-28 47
-27 -39
11 -16
-20 98
-39 83
-81 -94
-38 -17
-35 35
-24 -9
-70 -56
83 -75
96 -24
-75 -49
42 70
-50 -1
81 -56
-55 24
-99 -29
51 -62
60 0
-14 95
-89 -63
-40 81
-35 -7
-14 -73
34 -11
68 -7
97 -8
-37 17
-82 -44
21 97
91 -82
-48 -99
61 41
-94 22
25 3
-78 89
12 79
69 -41
15 -88
15 2
44 -99
-30 41
-1 -30
10 30
60 51
-6 -16
-32 12
59 -1
-40 -54
3 89
-23 -32
-29 -29
42 94
-20 -97
-31 81
4 -2
51 48
44 95
-67 80
29 27
45 -7
-19 -10
-86 78
-1 98
-6 67
-19 -88
27 97
-12 13
-85 14
86 88
68 -45
-45 -35
-62 -9
47 -7
-13 36
58 54
-91 -60
-58 73
60 -75
-7 72
-61 -70
71 1
57 -98
-46 -64
4 55
-13 -52
30 74
-23 -71
-21 -24
86 12
24 -49
-44 -8
83 17
-24 74
0 -17
-20 57
2 47
75 -77
-99 -34
-44 -55
-5 39
-15 -2
-74 -38
-95 -48
-76 59
-27 52
61 63
95 -50
49 80
3 66
-44 96
77 -44
55 25
93 -44
83 -84
18 -12
-80 90
100 99
79 -66
-37 94
-81 79
54 -93
81 3
-64 47
78 67
71 -17
28 -27
-39 -94
15 61
21 -59
16 -99
-59 -46
-76 -3
55 -24
1 -17
-61 1
55 -5
31 -91
-5 35
-45 -9
0 -49
92 -54
89 13
84 -98
-96 12
85 -84
-44 73
-45 9
-69 -93
-56 68
51 73
29 4
-60 68
-54 89
-46 45
-21 -42
1 32
73 -81
-70 -42
-5 -16
52 90
47 41
-42 -24
75 81
-46 -92
-11 -14
80 -18
39 -6
67 34
-94 62
80 -32
-72 70
-52 -51
-76 -1
62 -84
67 -55
86 96
2 -1
-40 98
49 57
-83 23
10 -94
2 -26
-16 94
-50 -35
57 34
50 -54
-95 -17
86 29
-14 58
6 -38
-82 56
-18 -77
-71 -74
4 96
4 -22
77 -14
41 68
67 45
-84 -81
8 60
73 -28
-7 -15
-24 -33
41 48
-65 -51
36 -29
27 -69
-47 64
-2 -71
-85 -91
-29 -97
73 84
-7 23
38 31
-84 -9
-31 72
-43 56
-6 -56
100 -87
-55 65
-8 84
-30 -12
-22 -3
73 -2
86 -52
82 3
5 -76
-69 62
-6 77
0 57
22 -12
54 78
-25 -58
99 11
68 -6
-36 -88
-31 11
-34 73
89 -31
49 -24
-43 -2
-55 -28
48 -13
39 -87
89 -11
-21 98
50 68
5 -11
65 -24
87 -22
-24 -98
-93 -41
26 -5
-2 -59
18 70
-48 -61
-86 -56
100 -35
95 -27
-53 -57
99 98
-30 72
-25 -27
81 -19
95 -34
24 -37
-21 95
-69 19
97 1
48 -81
16 -62
-75 -12
-71 -16
-72 -67
-14 6
-37 63
76 -27
60 -100
-99 -1
93 -96
42 90
28 -23
-63 69
-23 66
47 -34
81 97
-55 53
-3 -98
19 -22
-44 -69
58 29
-52 8
92 -13
-47 -42
15 -59
72 -93
33 28
-75 64
35 -84
48 28
-86 35
50 3
-85 40
40 10
92 78
-52 94
-99 -75
-52 -20
96 69
-93 4
19 -69
26 -76
-2 36
64 63
-58 -75
-92 9
2 19
67 -84
-78 -26
94 -1
-77 43
-26 -89
9 44
8 -87
-94 -22
-16 -93
-35 -31
42 48
51 49
25 38
87 -79
8 50
-57 -33
-70 -5
7 -5
-22 -92
-13 -91
64 7
70 44
66 -4
13 11
43 55
-7 -18
1 -45
-62 -97
-47 30
74 9
14 -1
35 -85
90 -52
62 42
-12 62
100 -41
-69 -60
16 86
33 -59
-72 29
-17 53
-27 -67
71 -34
-65 -39
-20 79
7 -10
55 100
14 55
-6 -2
60 -48
-3 -41
-40 14
94 -27
-29 -9
14 16
-98 -65
-65 52
63 -77
51 58
-89 -98
-23 -52
-70 -77
18 58
10 -23
24 -12
-80 0
-99 58
96 37
89 -49
62 -27
26 -31
87 87
-84 48
30 -37
13 93
-81 88
61 -21
-3 -74
93 79
-78 -86
-20 -54
-72 15
-67 13
88 -20
-92 -30
9 83
90 -90
38 27
-99 -32
22 -91
-70 67
-7 -76
-92 1
89 -6
-94 -10
-53 16
-94 -51
22 -37
100 45
94 -24
-45 -60
-13 20
-1 4
-12 78
-94 -57
86 -16
54 -39
-90 2
-70 42
-98 -84
51 76
63 -89
-4 51
-62 92
24 62
3 -65
16 -48
7 90
-93 33
1 -31
-87 12
-91 -9
-40 -36
43 -3
-2 -84
-15 81
34 -78
-14 29
28 -98
71 22
-57 -8
7 48
-50 -53
20 -89
92 -87
-38 -38
-23 -28
27 9
23 96
68 -50
84 83
86 -10
67 -33
0 -33
30 61
-36 87
-62 -76
24 25
-56 -91
-81 -20
-87 -88
-96 65
-12 -22
32 31
24 -29
-6 47
39 73
-51 8
-100 -53
47 -69
-17 9
30 -6
-99 1
-73 18
-29 -45
-10 97
-59 -35
-40 91
10 -55
-44 22
-35 -21
-5 -35
-75 77
32 -82
-49 16
-25 30
-72 -48
77 32
-2 -91
37 -24
92 70
-80 -51
-31 56
-33 -55
77 85
97 -84
-66 -89
11 -93
-80 8
78 82
50 43
89 -28
30 -43
-50 -87
-71 -78
9 -19
-39 27
8 -88
-64 48
1 33
10 -44
-3 -76
22 -46
11 7
88 9
-31 100
43 79
66 -76
-42 -60
72 -39
0 -1
-88 -54
40 -67
-78 34
-19 -62
89 11
20 86
49 24
-30 75
-69 -11
-19 -92
3 -94
46 -89
-47 -16
64 88
-58 43
-79 -49
33 -34
56 64
31 -80
-22 50
23 -97
-12 81
-80 -73
-94 67
-53 60
-49 -35
8 47
53 86
-91 61
4 -91
2 -88
-87 28
5 35
-31 60
65 -95
-17 59
17 4
-38 -86
-1 -16
-53 3
88 -47
-9 2
-85 51
96 -63
-11 49
-25 -16
10 98
22 -23
13 -24
12 -16
87 35
45 12
47 -93
11 18
89 81
64 -100
-27 -2
-92 100
79 96
77 -81
55 50
-65 -90
72 -9
-81 -29
50 41
-42 12
-3 74
-10 4
82 99
74 77
-11 69
-20 -61
86 -21
68 -90
-14 -97
60 37
-73 -3
13 -15
23 -39
-29 -82
-54 96
47 34
-2 -86
32 64
53 70
8 -68
-36 16
54 -3
74 58
-89 -86
16 -98
-26 59
-31 73
-36 -9
55 67
16 -7
-53 48
-87 94
-84 -78
-68 71
-78 65
42 64
-76 -19
-52 100
-88 28
36 9
32 74
31 -2
-25 -88
88 95
6 54
-32 69
73 -6
1 55
23 4
80 19
-88 -23
-93 -7
68 52
91 12
-98 -67
-11 -43
91 32
-85 93
-53 25
66 -12
-37 7
62 1
99 -68
10 -1
-81 -50
93 -54
-18 -98
25 -42
3 70
48 -50
3 24
44 68
-75 49
17 -76
-47 49
-90 -48
100 30
38 38
92 65
-29 38
-60 -52
-70 63
-75 17
-49 18
73 21
-86 99
93 -100
-32 -68
56 -63
-30 -43
3 33
-40 65
-40 96
-48 -26
34 -26
-64 -29
-38 -24
35 -43
-46 -45
-58 70
91 64
21 51
-91 -74
47 -20
54 4
-18 -91
95 70
-2 -61
97 -52
36 28
-11 8
88 85
24 42
29 -19
81 57
-59 -20
96 100
53 -14
-3 58
-66 -58
-80 -13
-14 35
-46 -96
-28 4
34 86
-38 -84
-45 -69
35 -8
70 -22
-68 98
-90 57
10 -87
9 -7
-38 88
58 71
47 57
96 97
91 14
-37 51
-32 13
2 72
42 46
-83 35
-23 -85
63 43
-84 -24
41 -36
-78 12
43 -13
35 37
-98 -21
-40 -57
1 89
25 -49
31 30
80 63
-90 69
43 21
86 79
37 -98
98 95
34 51
37 -56
11 47
86 53
75 46
10 -49
-87 -42
40 32
67 43
4 45
30 27
7 68
62 86
94 38
-75 10
24 90
4 -70
-99 30
-81 -17
30 -47
54 -29
45 -36
-21 -56
-86 -74
5 87
30 -4
74 -62
-65 -4
-37 -72
20 -85
55 11
-58 -71
-1 -45
-21 -69
-94 -6
-16 -88
-26 -65
0 48
-59 -87
11 -13
4 3
9 -43
30 3
52 66
82 51
-52 44
-79 89
99 48
-63 -66
-57 56
29 -68
77 -92
23 2
4 74
24 39
-20 -28
11 52
59 55
65 98
-34 -30
-28 25
-58 34
8 -96
83 -61
-66 -94
-25 9
55 -74
-61 21
29 9
-64 95
69 24
30 -59
94 -11
-100 74
87 -57
54 21
-83 82
-82 55
29 -54
-93 -10
48 63
85 -49
-20 60
-63 94
-57 -80
50 36
29 56
94 -15
56 55
-28 62
-46 -59
68 62
9 -4
-66 92
85 -31
35 30
-73 91
-82 -87
31 -81
-12 -68
22 65
52 -18
67 -26
31 -61
-79 -24
74 -68
-55 45
-30 93
-86 21
-27 80
-38 -89
-40 -92
17 86
-49 -98
-81 97
-51 -84
3 71
-8 3
64 30
19 34
85 -64
-91 -6
90 6
-33 -98
48 -72
-88 -25
-52 -7
-91 59
-34 -91
17 -29
-18 52
-28 -35
-53 -3
-44 -46
78 25
-16 29
-95 11
-31 99
17 -48
-61 66
1 13
34 79
47 94
56 -9
85 81
-74 -63
3 87
-30 43
-76 -49
-24 84
55 -65
-16 24
80 -99
98 -54
-6 69
-24 86
58 -71
-80 27
-19 3
-88 -63
-57 63
-63 39
84 -66
-22 12
49 -69
22 -14
-35 3
-83 78
2 21
-75 -79
-8 -91
70 -47
-29 -40
51 60
25 5
-14 80
-13 -46
-82 40
21 87
45 -80
-47 42
-62 -86
91 63
-60 -87
-14 91
66 29
-94 85
33 21
7 -30
2 80
63 -43
76 76
-51 90
-87 -11
-43 -20
-97 -15
-83 19
-16 -78
86 61
88 -50
-35 -36
-100 -13
20 -82
67 -76
-58 64
-43 -46
56 -91
-41 -47
-67 100
-95 2
17 16
11 -35
-4 98
80 -89
-45 -63
-98 -57
-62 -62
87 -30
-64 -33
4 -26
58 -21
63 78
-28 71
0 -39
-24 40
98 -63
69 -76
7 86
2 -23
-17 -57
39 66
-32 24
2 61
-74 -71
-62 -82
-88 16
-100 91
-100 49
64 -86
-93 18
-63 -24
-86 -93
-100 83
-74 86
22 90
30 -70
94 27
-98 6
67 70
-60 -99
-56 -77
76 25
27 -33
-23 -73
-48 84
-27 36
-19 -3
-13 64
3 9
82 6
18 83
18 -87
25 39
-3 -9
24 -64
32 73
71 -99
43 -80
12 -58
-71 59
-89 27
8 55
100 -93
37 9
40 -3
-3 4
28 -1
-29 -23
64 -69
-18 -35
21 54
-6 18
54 75
39 -3
42 24
-81 -46
43 64
-89 38
21 12
0 12
-74 -88
-50 19
39 94
4 40
60 -54
31 37
46 57
22 -18
-40 -32
50 -57
77 -13
-66 84
99 -25
-55 -11
52 -10
-51 -57
-20 39
-71 40
17 82
-36 -31
63 -45
-7 51
-3 -75
-93 -79
-17 -65
58 -30
-44 66
23 26
42 84
-17 -95
-6 -93
92 0
-70 21
-79 45
79 -80
27 -85
74 63
3 16
92 -1
-81 80
-90 -87
-75 -82
-46 100
-21 -88
-48 68
-48 80
64 89
87 -18
52 99
-17 79
23 -19
-1 34
97 -62
-25 54
24 -51
-95 21
-93 -21
78 80
-97 11
-14 71
-69 45
-77 -80
0 -64
-58 -31
100 5
17 92
-50 54
44 -35
19 -36
36 80
-97 97
-15 51
-20 -43
17 -94
-89 78
17 42
8 7
49 52
-86 62
-30 2
-66 17
-50 -52
34 -18
-71 -70
-17 66
-1 53
7 57
71 10
63 -21
-60 -75
-26 -48
-88 76
2 -17
20 -67
-42 -30
-46 85
-1 31
43 -21
76 -49
-85 -77
81 -54
66 48
91 -34
95 -51
18 11
73 64
-98 -89
-80 44
90 79
-18 14
-29 89
-68 -14
78 -95
-7 -70
86 56
-91 -99
79 75
45 36
26 72
-15 -86
-15 -46
-9 72
9 100
-75 -86
-18 100
-8 -89
-100 62
-81 57
-75 -21
-56 74
-10 15
70 78
-98 10
-95 -98
-30 -99
81 40
100 43
29 78
-22 10
63 -66
-63 75
-38 19
12 97
-56 40
37 -95
44 59
-92 40
52 95
-12 99
87 -69
65 -100
-7 34
-63 6
-46 11
-85 -64
-23 19
30 46
37 -37
-33 35
-48 22
29 28
-39 50
-77 -36
34 74
-47 -80
76 58
-8 87
-49 84
-28 86
75 -62
-67 -33
-90 61
94 -90
-71 -85
21 -52
10 -17
92 64
-39 -80
-71 -8
98 -16
-94 -70
11 84
84 90
-93 30
-81 -38
41 98
77 1
8 -25
-31 -91
-5 17
12 19
73 31
38 -26
-47 56
-71 -55
-5 76
-85 -10
-91 -1
-74 -62
-13 55
-75 94
-45 -88
-52 -49
91 2
-48 99
-32 63
81 95
-26 47
-4 89
98 24
84 3
37 -71
-23 -95
-18 7
-57 -57
-21 89
8 28
18 98
22 -85
-78 -24
29 -11
-99 60
34 67
92 -64
-86 -82
8 57
37 -6
13 26
43 37
30 -16
-15 89
21 44
-44 -22
-6 -3
63 3
-57 -98
-63 -15
31 100
-19 -60
43 26
73 -89
66 84
90 -85
83 -53
-9 25
70 -32
97 77
-68 24
-35 79
20 97
84 -52
38 -44
26 -88
-30 6
68 87
78 -86
47 -2
32 -93
58 53
-15 -1
57 -58
0 -53
63 15
29 6
-86 -28
-97 46
72 -22
86 -31
-35 -56
0 27
-54 32
58 85
62 50
75 96
-58 2
87 21
-7 -21
17 40
-95 89
98 35
18 21
53 -51
-30 20
14 -70
-87 -19
26 -100
6 15
-12 -32
78 -60
-79 7
23 -5
-42 56
52 -30
40 -44
-57 20
35 -57
-41 55
-46 -87
-54 14
29 -7
-91 -45
-33 15
-36 -4
56 -77
-68 56
-17 30
-93 1
-77 -56
-31 -70
59 54
-43 -61
-76 56
58 30
61 81
8 87
88 -48
-96 82
35 71
79 15
19 -45
-11 -44
24 71
24 -68
-56 -70
-2 83
48 -44
-98 63
62 -18
64 99
-62 89
-55 89
74 -43
0 62
83 37
-23 88
12 -52
9 27
-19 50
78 44
3 61
2 -10
52 13
-81 12
88 51
76 9
-76 71
89 49
1 83
-95 -43
28 -6
19 9
54 74
42 62
-73 4
27 92
-63 80
-6 -39
51 45
46 8
-4 -81
54 -8
-94 -35
-91 -25
-73 81
96 -14
-67 64
-94 59
30 12
-47 59
-94 69
21 -87
41 -87
-86 29
97 -40
-35 -48
-89 -53
-5 -14
7 61
5 -13
43 98
-98 -14
30 -85
85 59
48 32
-49 46
14 98
54 47
-93 78
-23 -45
-92 49
-72 49
69 -88
88 88
99 -49
0 -31
-57 -44
-73 -37
-100 15
82 -54
93 -40
51 -30
48 -75
54 15
83 60
62 5
-53 -96
-26 39
-8 -52
41 57
75 37
-94 35
44 -23
-92 -60
-17 -40
45 -89
93 -21
84 -71
-99 25
58 49
66 -26
-11 50
71 83
73 74
91 96
45 -21
-88 6
-5 53
-45 -34
6 -22
78 -39
-79 -35
4 -52
96 0
53 -44
79 -87
-38 -59
-82 30
-19 54
94 -14
73 47
73 -3
41 -69
-38 93
-4 28
-28 13
-67 -47
-58 -56
53 95
23 94
56 -8
-36 66
-70 81
14 13
-90 53
33 -98
74 68
71 57
-21 -63
85 -69
57 26
84 93
-5 -81
41 10
-50 -79
-47 86
-87 38
7 -25
-34 -5
0 -56
-30 95
-24 -49
15 -72
-37 -18
3 -61
-83 -14
-27 -73
-12 55
-48 -75
67 19
41 49
70 98
-17 -97
-63 25
-36 -10
-34 -23
-62 -23
47 -76
72 85
28 3
28 -20
-22 79
39 61
-67 -58
67 -60
-76 -59
50 24
63 36
-20 100
47 87
15 60
81 -5
-5 63
-54 -35
-6 65
61 -68
-34 -31
-98 7
-57 46
77 93
50 -19
9 22
-7 -55
-81 -42
9 72
7 -86
-30 -39
51 15
-37 45
50 -95
-20 68
88 83
94 12
-31 75
26 55
93 55
39 14
-54 54
-49 -76
17 -22
47 47
47 92
-17 -81
41 -88
-86 19
39 -17
84 65
41 -12
-61 -80
-42 -54
-96 53
6 48
86 23
-83 -82
-71 9
-28 -57
13 63
36 -88
-10 -94
-75 -71
80 7
35 18
-20 83
-26 -59
48 98
-84 -84
47 -33
-17 -73
-32 44
-18 -94
74 43
12 -77
46 -79
14 -46
5 10
-47 9
86 -44
-37 -87
31 92
100 33
89 -94
23 83
35 -42
65 88
10 -25
81 48
46 -81
-33 100
-41 74
8 92
59 -94
28 73
-58 94
88 12
-20 55
-29 -95
-42 -5
-62 -41
-26 -43
-29 -76
-22 -45
22 -4
-78 48
66 6
-82 -48
39 -64
60 -37
62 85
14 -2
63 -25
79 -41
46 -72
63 9
-77 -62
-7 -51
69 90
-33 76
-83 36
-72 -7
91 42
94 -59
2 64
77 12
20 -46
-38 82
-78 -20
27 38
-38 -58
-53 -84
59 92
33 -56
86 90
43 -79
59 68
-85 48
-95 73
-74 -70
67 99
-62 50
-86 34
-44 46
73 -72
-35 100
-63 -91
-10 -98
-25 -3
83 -15
-88 -57
27 46
-5 -55
-53 -77
36 -94
-57 21
43 34
-6 -68
-90 8
66 1
-89 -11
-22 87
63 25
-23 -17
-39 38
81 -87
-73 -85
92 99
84 34
-51 91
-65 -47
-58 -87
-24 0
-82 34
11 -89
-72 -63
-74 19
-90 -28
-55 -44
-100 -100
93 72
60 -30
-65 -78
-70 36
-43 -97
-46 -34
87 -63
44 85
-5 -84
70 -78
100 -76
45 26
34 56
6 -57
-64 -6
47 81
-30 -40
50 -6
19 68
28 35
35 -33
-85 -20
-25 79
41 61
-6 15
56 -36
-57 -94
75 69
88 -5
-25 -22
-8 80
-24 -62
91 -29
32 59
46 -4
65 -17
6 37
64 26
-51 -99
-80 72
30 18
-35 51
-16 7
23 58
95 89
-66 80
12 78
-11 -93
-76 -79
13 -34
-2 73
57 -3
-41 -49
-50 45
49 -90
-42 -62
75 60
-90 24
-66 -25
-25 17
-77 83
-69 -15
-26 -77
-63 -86
18 -90
-2 -57
-28 -40
-63 -25
35 83
-94 63
-17 52
70 58
35 95
-17 -71
-80 55
79 -59
60 9
-81 -75
-11 -68
87 19
91 80
-12 16
-85 26
-50 83
-56 93
95 49
26 -61
78 100
-98 73
-2 5
48 -70
22 -74
-76 64
59 -51
-66 -56
-47 14
-42 34
-94 -19
39 50
65 19
29 81
7 -44
53 56
-2 0
68 -19
10 -18
-28 -61
26 -40
-41 69
-33 -31
-41 26
-41 85
90 -54
75 -54
-6 -55
-58 -33
-78 29
72 40
-22 11
-15 -100
-9 -76
-15 99
-66 53
-57 31
32 86
17 -51
12 -65
10 59
25 -48
-86 52
-34 15
-88 -64
37 -31
-77 -94
48 -89
-94 -79
-15 -58
23 -61
-42 -71
-52 18
-68 17
-39 67
64 -71
-66 -23
-70 27
79 38
93 42
14 -43
-51 61
14 -82
20 -51
-69 3
95 -33
-40 24
34 93
-95 92
-11 -54
-74 -36
100 12
61 -46
-53 85
72 8
100 96
64 -43
64 100
12 -56
-65 -13
-28 20
55 -62
32 82
49 38
-18 38
87 -83
60 -2
-86 -76
-97 30
-79 -79
-73 57
61 99
21 32
-71 -47
-72 95
-90 -14
0 88
95 43
53 3
35 -79
-87 -96
-75 -1
-25 14
12 -4
75 -24
-11 -60
86 57
-41 0
-87 92
-18 1
-87 14
95 -37
-82 64
-44 92
-24 -99
38 -10
99 35
-70 -18
-96 -100
-4 78
-2 -60
-87 -83
-70 76
-10 -89
-3 33
27 -95
-48 -78
-33 33
-4 31
-53 -49
61 76
-99 12
94 56
-92 36
94 88
-17 96
45 16
-26 -28
58 62
89 14
-10 85
-1 -26
9 74
-86 80
-10 -29
-91 72
14 17
48 -64
-21 -83
1 -69
-72 96
-70 -25
-3 -38
-100 96
-59 -58
-67 84
-3 11
-64 -15
-100 -9
-24 -61
-67 97
-58 59
45 -90
-60 -29
26 -87
24 46
-12 90
-93 -26
-68 -73
40 88
79 -20
89 94
-86 20
50 -37
-25 -41
-1 13
43 94
-77 72
-96 -38
100 -63
-66 -26
2 28
-98 -97
-28 63
-81 11
41 -35
89 -39
4 38
-73 -38
4 57
-4 60
-56 53
74 13
76 -90
-14 43
-32 -100
-28 -71
0 81
59 33
-12 28
13 -4
19 12
-44 -71
-50 80
-37 -93
-68 51
14 -71
-62 -99
31 72
8 -79
-33 -33
-4 -84
98 13
80 -36
17 48
-6 -71
21 59
68 -41
77 -51
-31 -19
52 12
45 92
-20 45
-1 -32
-26 -58
-56 -64
93 -9
-52 91
-99 -21
-47 41
85 72
-4 -19
-99 -33
-25 -83
-95 48
-100 -78
-80 33
-50 41
-61 22
-2 -79
-4 -87
-36 85
60 -44
77 -24
85 40
12 -66
41 -65
82 -3
-75 -93
-23 95
-79 -7
-1 23
-81 26
60 -63
-19 -53
-22 -16
-57 47
55 -97
-20 65
-4 33
-82 -63
89 -62
30 24
52 35
91 -61
-33 89
-8 63
35 53
8 -34
-97 -86
-43 33
-15 52
-59 -47
-45 -85
-82 -61
27 -93
28 0
-79 95
18 19
-14 14
24 59
-54 19
75 -74
95 -8
31 -66
-24 -7
23 17
56 -79
39 21
-9 -47
-74 -59
95 -59
-83 -95
-12 93
-92 32
6 -25
6 38
80 -76
-74 -74
80 27
69 39
-90 -21
-72 85
-95 39
-36 45
2 -76
-8 -88
27 -19
84 -34
6 83
30 84
49 -46
-36 26
78 -38
68 15
77 24
90 38
98 21
-20 -2
50 -29
-49 -89
9 33
-60 -14
-8 49
71 -46
17 -97
87 40
-65 84
-23 81
-64 -91
-23 -51
-54 44
-65 -41
-78 -90
2 30
-21 -86
-65 3
80 32
57 -18
-75 -30
84 -35
-23 -81
-98 94
38 -72
-52 -19
47 -50
69 -98
16 8
-99 73
26 -45
-72 79
-16 -53
35 -40
36 48
-73 98
95 72
-62 39
-53 8
48 53
-24 -63
21 11
-14 11
-70 -51
-75 26
-2 4
-86 -27
-5 -10
-71 -24
16 81
21 -3
-79 -85
-46 -13
47 6
99 5
-72 -51
90 -43
-12 -18
-17 -72
-79 18
-14 82
73 45
-47 80
4 32
16 47
6 -98
82 83
-57 50
70 -55
-3 51
97 75
-98 3
-22 -24
-74 -14
92 -94
26 -91
-95 30
-65 -23
2 -81
33 10
-50 -54
-58 -14
7 -93
-84 38
48 -48
-25 46
62 37
16 -42
-46 80
59 -36
-43 47
-76 30
37 -59
72 -100
-85 -30
-19 -79
43 -56
-65 -80
-34 8
69 5
-99 52
-53 -52
-99 -62
61 -62
-48 -1
-88 -56
-2 71
69 -48
38 32
85 -80
-21 74
78 -43
-29 65
-97 -52
28 -86
-66 -1
60 -94
30 -44
62 21
-88 -90
-73 -23
-87 -91
18 36
-35 -94
-64 43
62 -89
9 97
10 89
39 -57
35 -69
35 -16
-32 -83
-68 -79
73 71
-12 -88
-66 86
-80 -99
88 -77
86 -66
30 57
16 -100
15 -19
63 -74
30 -51
-7 -46
-96 94
25 -44
-5 -61
75 7
-84 25
37 -8
96 11
3 -77
-88 83
95 -76
93 85
76 34
20 -21
56 -44
43 -61
92 22
-76 -70
-22 58
66 94
28 -10
-2 -35
-45 28
-37 25
38 -58
71 3
3 86
-46 -17
97 -32
90 33
70 -63
-29 52
-27 -71
-8 92
22 -59
-93 -33
62 -82
51 91
54 23
-23 92
16 35
76 17
12 -75
-96 2
-74 -58
-53 45
73 75
48 2
24 -35
-33 96
89 19
-66 -14
-10 0
8 33
-36 -75
-4 -20
-35 62
-29 80
-83 41
-42 14
-48 23
-39 -79
92 -15
55 26
-24 67
69 74
74 10
-93 69
56 84
77 70
36 -2
-51 -6
-65 76
-36 81
58 90
77 -18
26 99
-82 76
-55 -34
-51 74
34 87
3 18
44 -3
-25 -79
-68 -48
-56 96
39 20
-30 -18
-97 48
-5 41
-28 18
31 -26
54 -22
-92 -42
-58 32
-82 -96
1 35
91 -47
-83 -18
-51 -43
15 -31
93 47
95 87
52 -19
89 -66
-32 27
-20 33
-5 26
100 -11
-51 51
16 9
2 -25
100 98
-86 -24
37 -52
93 -85
50 -67
-97 -35
-44 -85
-48 36
-49 -60
-72 -93
70 -44
51 -21
-74 -95
15 -86
100 21
-69 -43
-12 -37
-45 -55
29 55
-21 16
40 -10
15 -83
-64 61
-44 -83
56 -60
22 -22
52 -73
14 -47
43 52
-33 44
32 -79
-77 22
16 -14
69 -33
-96 40
-58 33
95 4
27 31
-47 -7
-9 64
15 67
38 76
86 27
15 20
-38 27
95 84
-18 43
-29 -15
-22 -36
1 74
-96 -51
80 -64
-78 -16
-74 -78
-9 47
-4 -11
60 -25
92 56
16 20
90 18
-39 88
0 -14
-63 -96
61 33
3 10
-13 2
86 75
-94 -75
96 -42
-16 88
51 -69
52 -58
-1 -38
-78 86
63 -98
90 -42
-16 -59
-42 -77
80 -53
-19 74
94 47
-69 -40
-48 -19
26 80
-30 -7
36 -60
-37 -82
50 -3
69 72
-87 67
27 63
-94 -76
10 -100
-45 93
58 -47
-1 -56
-38 -68
-66 0
-73 10
91 41
-49 59
-79 -29
88 19
35 -86
-92 -73
-15 -41
65 36
-79 98
99 36
58 64
-16 16
52 62
-40 42
-72 -6
58 -14
44 -88
67 76
-26 -44
51 22
-61 -69
-97 51
-53 15
54 -40
34 -64
-86 -72
-88 -89
96 68
-73 -96
-28 -15
-65 -97
-78 -44
48 -21
-25 51
97 -51
-36 46
7 -56
58 -3
-14 -54
-41 99
77 28
8 68
-59 -24
-76 -44
-82 -49
30 -62
48 -71
-31 -74
82 100
99 -18
99 91
-44 33
-60 18
-27 -32
8 31
-33 46
44 -75
42 76
78 -49
-64 89
27 -32
-38 70
73 40
39 -62
-21 61
100 13
8 52
-86 55
87 -87
-91 -56
-4 -30
24 78
49 -39
74 81
28 -37
43 82
-26 -38
-30 79
44 21
-64 -19
69 -68
-31 -57
60 -77
12 -76
-19 -59
24 100
72 36
19 -25
-67 4
-46 66
-5 -37
-13 -15
50 50
14 -20
80 -30
72 35
76 -70
-70 -86
28 -59
-53 29
35 11
23 -7
-73 -84
-43 -67
-19 -13
-90 -26
38 -79
64 -18
-51 56
-43 50
-1 77
13 6
-20 -62
73 -24
-15 6
-75 -77
79 18
-60 -32
89 40
81 66
27 -22
81 -34
-62 44
64 -50
66 -10
-85 46
57 38
5 -42
69 70
-51 46
-43 63
-78 98
-70 -63
4 -21
95 5
72 -55
-15 96
-47 7
-2 95
-90 -82
-99 -82
4 19
-89 -57
46 45
-11 -32
-98 -1
-30 12
-62 0
10 -11
-41 -98
-59 -32
-59 -18
-71 -99
22 -10
-98 32
-75 -72
-98 18
56 42
-23 -90
-30 -11
16 59
81 -78
-89 -59
-9 13
-13 -54
-84 -43
-29 56
-27 -99
-24 -89
-46 94
-37 67
79 56
-1 -53
30 97
-49 -12
-100 -84
-5 48
-16 -84
-89 74
19 -30
-31 -22
22 61
66 -1
-78 71
-44 4
45 10
-92 -55
-12 26
-100 56
-50 -44
-48 18
15 -99
20 -55
-4 15
99 -26
-90 -29
-17 70
-85 -90
25 -23
-94 -9
-90 17
-5 -36
66 -17
-94 80
-91 -14
-8 25
74 6
-92 -6
-27 -94
-40 -16
-54 6
46 11
93 -80
80 49
4 52
4 0
95 -61
-47 -44
-41 -28
57 -48
-51 40
-65 32
-6 -82
20 14
69 1
45 -17
4 -36
-28 69
-50 -75
46 -22
-73 87
1 -76
53 -33
83 -41
-7 36
38 -93
33 40
80 -34
35 -13
34 -89
46 -96
-63 -72
-67 10
-94 74
-55 -14
-22 46
87 -85
74 -100
27 40
3 -9
7 -43
-13 18
7 -77
-31 -56
3 -57
-64 -30
2 6
-10 84
25 -58
33 -48
85 -24
44 -11
-7 -27
67 -71
81 82
46 -21
80 -25
93 33
54 -28
55 -10
93 19
-65 -76
-11 18
23 73
58 -1
-9 -15
85 99
-66 -43
-20 -66
91 27
64 36
-63 91
17 -86
-96 -53
22 -84
-80 100
61 -27
-18 -12
-26 36
61 -19
-51 11
75 84
68 -42
-99 3
-42 50
-34 -36
-68 14
93 17
86 -6
30 -61
-54 46
34 -98
13 -59
-44 84
-2 18
-21 -71
16 -82
-50 96
-79 12
23 31
75 -82
-19 83
82 24
-53 -38
-78 -71
39 81
-94 -21
66 -52
83 55
27 76
51 21
35 80
64 -10
-50 9
29 -8
-4 77
-4 17
-55 -83
14 73
40 -8
97 85
11 70
65 62
-32 75
94 -100
-23 -79
62 40
79 -4
-47 83
-38 89
-17 19
93 -53
59 -88
38 -98
58 98
-94 48
28 -80
90 -29
18 -44
-26 13
-79 85
72 0
-27 54
-49 -29
76 93
39 7
-35 -88
-22 34
13 94
66 -98
84 53
85 -86
64 -13
-98 -71
65 -54
-85 11
83 56
15 -98
-42 72
35 50
-87 50
16 -21
47 -25
45 32
76 -19
12 58
77 11
97 -9
57 62
15 -40
17 1
46 -67
20 -98
-80 32
-54 -26
15 42
-69 -51
67 -11
-52 -5
-55 -94
96 36
-79 -94
-76 -72
84 15
3 -54
-89 -61
-36 -95
85 -93
-93 -2
92 73
-71 20
1 -96
47 -80
77 -68
-50 26
-86 -26
88 34
-48 -79
28 52
92 100
67 14
27 -67
36 -77
-3 96
31 56
-13 66
89 -78
-32 -61
89 51
59 44
66 56
-81 -9
78 -4
-87 -3
34 -23
3 -80
25 -3
-75 78
-98 -60
12 -45
65 -43
-18 28
-62 -31
17 77
-71 3
-51 58
49 -83
17 75
-34 -52
-20 78
69 -32
59 -83
-5 -41
-44 -95
18 -94
-52 36
-4 -43
19 -80
66 68
34 77
92 15
6 7
32 -12
38 26
21 25
97 -77
-40 57
-8 -53
-48 13
57 57
78 26
40 -33
36 -31
-29 -75
-4 -35
58 97
97 12
65 -85
57 -25
48 93
69 78
9 2
99 85
39 -65
-27 -30
6 19
28 -41
83 78
5 -99
-12 -96
-86 95
67 -44
3 47
84 18
21 63
73 68
62 -6
-48 -74
17 -92
99 -85
100 82
75 -95
21 -16
24 84
-90 -46
-71 63
100 61
-97 34
50 45
48 -7
92 -48
18 -40
8 -89
97 65
-83 -38
12 17
55 -63
27 -81
72 -59
-82 51
-28 -79
56 -7
39 -9
-3 -79
43 46
-82 43
42 72
-41 -33
-15 -35
52 10
-22 -5
-10 98
-27 98
-48 -27
8 -29
65 14
-1 18
-54 27
-39 21
91 74
-7 37
0 -78
25 74
1 -36
-53 -23
90 -18
4 -86
79 -39
3 99
-32 21
-94 -37
-26 -39
-45 65
10 63
32 -23
-78 52
-80 11
-91 36
-89 -70
60 39
-44 54
-100 -55
-78 -69
2 -97
-87 -28
3 48
-35 -76
