63 57
1 2
78 62
138 153
35 44
110 104
141 175
-53 -137
-2 -74
35 -21
136 153
144 172
142 136
142 175
-12 -88
118 71
103 95
118 137
24 -35
146 141
134 162
107 67
131 159
43 -11
-84 -159
-21 -101
96 69
96 85
94 72
132 160
136 175
7 -60
138 119
136 98
136 106
112 112
52 5
41 49
-32 -115
102 68
-75 -156
69 38
104 66
122 143
148 153
53 57
148 162
-61 -147
137 156
127 77
24 36
137 113
137 155
87 72
19 33
57 18
140 125
-45 -127
90 71
146 167
84 65
79 64
81 61
3 7
114 69
80 66
115 121
14 25
7 12
74 52
130 84
13 18
137 165
94 73
59 58
141 132
129 153
63 29
136 159
145 147
73 61
135 158
136 153
121 74
133 91
-66 -152
136 168
137 154
127 151
30 39
87 67
16 -46
45 56
133 156
70 58
115 130
125 147
134 172
130 157
17 31
