-9 53
-25 84
-1 42
-11 218
1 38
-23 236
-19 69
-132 366
8 20
-15 193
-29 133
-121 350
-35 246
-92 287
16 10
-83 272
-119 344
13 14
-17 189
-28 106
4 3
-27 101
-105 318
-11 222
-31 244
-20 79
-152 368
-24 82
15 8
-162 371
7 4
-114 333
13 6
-20 66
9 18
-141 369
-28 118
-28 128
10 4
-26 91
-20 60
-67 258
-24 171
-28 242
-167 376
-20 234
-11 207
-168 378
-117 339
-155 368
-17 231
-165 374
-12 202
-51 251
-17 55
-4 48
-168 380
-25 238
-19 57
-20 63
-25 163
-13 197
15 12
-18 71
-62 255
11 15
5 27
-19 76
-26 240
-6 50
16 9
-157 368
-110 326
12 5
-97 301
7 23
-19 184
-56 253
-45 249
-11 225
-22 81
-40 248
-145 369
-76 265
4 31
