246945 -98542
380593 111087
-308539 -271130
-324543 -296477
-322399 203475
214763 -403755
240174 294544
-341351 345554
240886 -202864
259640 466975
303149 -486671
-37182 -9518
407828 256053
166031 -378792
-470462 42003
-323157 15175
275054 386272
-34215 214974
-180603 24035
499325 -410747
220612 297500
-233758 384216
141067 -334640
214293 -157252
-179809 -421886
68418 180507
-115176 192853
437102 -465126
469547 -275890
-168474 -144607
438244 279103
-427009 -174126
-398388 -242072
197439 125440
337886 -339640
358941 388885
13322 401488
-202057 -220647
89571 278866
-212825 469569
-292303 -401859
104368 18444
322792 -338229
184538 -349949
-159991 2846
-292460 202945
133682 321533
-362271 -1053
29997 -228026
33557 302167
-263306 57944
335002 -245609
-411365 161617
-356740 -226365
-171386 175201
68457 180203
-258410 -89728
-283417 333378
-179141 -76865
-430234 -8339
-119851 372023
-158427 -237305
312102 -305484
279203 102257
365913 -44313
-142020 416628
428985 -238970
449067 -110643
-464603 -439436
413339 -27228
237140 -172246
-39922 -29478
325034 301115
-406011 -460706
-414550 -156088
246004 -70957
350737 -105458
64994 21464
104370 49816
-70537 391692
-84587 378975
-268475 -204596
-182295 -109992
-191885 -347135
-147542 280806
451258 -433554
337200 106863
172253 342749
-481971 455070
-224923 469765
69602 -483878
225721 177091
-60373 -80338
163409 -87949
449080 -194712
-219493 -27439
-99411 210641
297174 -110581
-165949 413683
256369 -491062
-83569 453259
-479661 4763
-14944 331358
-428579 -323346
322835 -257059
386085 -367862
55276 184690
442990 117915
-276605 491022
-32633 -359759
-315827 365404
-448979 -381670
364508 -413904
-445249 -254236
479870 -475125
83809 234718
12517 -448005
-307880 451364
-151098 332318
-176132 -391124
405910 -308279
-383586 -352353
317009 28547
302127 -417472
126148 337276
47970 20551
47060 238293
-179010 -233019
219297 185839
463535 -24400
-17116 179853
-103153 -69300
462208 191615
387333 275098
373169 -337889
-142172 -415186
-299631 56731
-339165 -309542
-361998 -37690
-142695 -204158
412855 390695
-256527 172424
149822 -358206
-238692 -395349
-177928 283899
167721 137932
134093 491842
439792 -251024
464092 -216393
-15963 -434143
-303022 -275578
-105169 154785
91204 345080
-1393 114953
-142603 296615
-22725 222649
414558 -336820
404749 -451433
477388 -318088
-323021 356832
-301119 268499
364996 -262583
-486787 -254432
-210552 -177798
-1158 212248
152052 284718
109450 -250127
435904 -155028
-223242 -251291
-192929 491585
-2839 78521
-203561 485371
-468911 -246055
-138947 163332
125642 96452
-192221 477274
-270490 -117818
373394 -260394
333642 357430
476179 498998
320211 33527
-88210 -151123
-421398 -410625
-124610 -34162
382806 470055
-25886 -125388
-29528 -5813
91769 -66215
-250609 -464630
-386254 -329054
44234 -467995
309673 414309
316493 -183310
164401 322386
67466 372355
-426542 111570
190881 -123026
-294616 454703
237803 299090
219738 136058
-275922 -125404
-351760 494268
-380465 176634
368525 45181
428500 -276062
41951 -234946
140622 160548
241722 -111475
-335509 -208407
44744 390879
-30078 -198494
411718 422396
-328122 -201365
388063 107442
-350854 -100400
140287 -483100
434873 386276
-420131 -246773
7091 459323
-495345 -240838
33883 309351
9241 499793
303612 9701
-353921 453753
63382 264632
-258434 382684
130756 -132799
493751 -399618
134698 168448
181980 -382214
-140001 156639
266287 -312028
193889 133703
303494 -260493
106320 -289025
-140285 -316715
129774 -58624
-258172 288211
-233035 -1824
-100178 86246
-434989 -9498
65645 -118312
-178245 -292127
-7077 382231
275195 329574
199663 273791
-243289 179019
-327674 62625
363713 301892
392177 -496433
493240 -205399
419210 205604
-354780 84473
-423735 28880
53527 54883
284546 147522
-243995 271663
466040 375317
-26587 316179
156722 450644
-169934 103599
-299023 -320130
-499981 -112433
131884 403760
309628 -1506
149790 -454231
-366198 197831
-331799 -140547
187833 -207778
-57268 -303059
175535 -369260
-257441 -44805
471483 398764
151691 -188951
491576 312714
248044 -289169
624 -261165
-270983 404778
-218779 -44695
-340894 28036
91783 283647
321264 132141
-256602 254322
333830 46771
-378395 -211093
-383004 256733
-488999 -367534
-123210 259210
100788 334658
-67493 -351075
49399 -497493
-126042 458561
157274 -304455
-69157 59012
460102 -195951
207396 -356264
360441 -229318
-423062 -282808
387603 -395055
306949 -46665
321573 -183086
-345941 129898
-160682 258027
-397866 422111
390229 -254838
-74587 494556
-249408 384096
-331334 142866
330323 21708
428898 -379805
285868 -465796
-400376 149137
447743 -209287
-62267 -45058
47007 -6825
424049 -395715
-203544 -118996
269416 129061
134158 -45050
-89000 -91471
431323 -333640
461352 -346620
-188194 364366
-400564 358683
-7046 -490853
359240 293170
393613 -351835
-482834 104174
324779 465162
310734 449432
178872 429813
413534 -35723
162147 427801
-467135 -233743
-424233 201622
-309623 124684
-199179 456453
-81482 -321273
-108421 429502
-372031 105747
314483 121572
-235950 -373088
177855 -127137
283039 39273
-156070 291437
-234124 213107
341228 172327
94207 245019
57416 -130029
193412 -148320
-347920 203070
87070 -251172
-361954 407289
-348656 256051
-258859 -58992
-97266 -72219
470445 406577
104834 -389417
-53328 -230355
-78358 -448533
-177551 430019
-82711 -284175
-103744 -377478
493093 -210459
-363109 -300307
-15953 386313
387101 163266
-159473 -335565
305282 165542
92580 -472751
-271133 256751
-320090 116012
-167611 175705
-412078 208038
-323731 -398497
83781 425186
76503 301460
436491 116736
-257939 207024
-261201 -293693
257683 -131712
467021 37960
96648 -37803
-245047 161944
-37088 299025
-247607 458968
6557 403309
-191941 211323
111638 -287264
460162 57820
419711 343445
-76991 454380
-499042 -445107
199370 -159925
-355977 -366163
-302315 452973
350467 -80409
382322 -327669
-280567 -202495
-383835 -181596
-131681 491706
-5181 -236213
-164832 -414631
359948 -361807
-154146 -437946
-69692 -22232
39347 -47849
-23604 237913
287882 373798
-170483 416712
487664 -353216
85114 437053
-350091 295157
-189272 -450925
-94409 -425513
-88121 356421
384630 -97494
-54562 -390622
-332218 -252100
129354 -472506
-227331 -210916
449427 -313508
-386782 213850
-337204 -431606
-368036 -188727
-476311 320666
-288678 -416069
9375 138043
-411343 440650
163323 -257505
427915 280543
221284 258503
335739 -73489
393514 -332286
159073 -217970
-54036 -210619
-114113 244510
-371887 -378542
-444271 -344352
175358 -107702
-202873 -335758
-11827 1372
200628 -347697
344608 166369
-378441 497946
-109462 -223771
-465391 -155270
-324754 -220920
-172232 306249
431130 -11426
491250 -327907
135547 -8090
-83968 -399926
-197557 379318
-489138 -474683
236352 -227118
-420242 268656
-9915 226626
381185 -305325
258404 -293568
185500 440797
222061 -402314
-255385 138593
334953 -356127
-472576 -328664
131010 305598
-478458 -30326
325028 -406668
118713 236086
96157 100656
-110402 188515
320268 114527
-464015 -300443
-339554 -382223
-487615 256716
157600 300304
-432225 90998
-492723 -476457
394917 -79728
-170011 298432
-118454 370843
-383544 -111932
-334436 382007
-62539 -474805
-387728 163037
-252030 -56659
-488442 -443680
-223445 -152377
121660 308461
393209 333779
-159458 255150
61152 -346546
-404248 472389
-313144 -45772
-300468 314213
391387 -295839
-286457 -205873
-94728 315513
-192855 -444582
404552 -94289
198385 -252979
-79538 96696
-27699 -129017
274546 131196
-100954 53536
298743 21509
466652 -81727
-362675 -132960
486484 -229488
-10932 331564
189992 107864
-318324 -212260
-325753 -335539
-88007 183092
123337 -374877
29604 142817
178199 151241
235111 -190923
-155866 -430003
494332 190657
301824 65678
-36533 -147883
176061 429514
-347988 -21139
-377985 265474
159070 116380
-96771 -405648
184058 -161384
-404476 418148
8561 332618
144613 151703
-45049 -40068
-348378 -118839
-416919 -64856
-172411 75303
-194290 437835
425163 -108602
-429474 -190256
284768 118518
327949 44170
45938 -324712
-459292 142150
381005 471799
-56607 -69090
-458839 262575
-429693 -280789
481001 -227933
-166541 -130429
92211 138617
269921 485235
-285376 -331260
435230 -455745
327454 -232948
-390852 177185
302993 216175
-168899 63172
-184603 256757
413507 4638
162077 -335721
-460085 130195
-145531 357583
-492222 219839
-321431 32789
-228698 68007
251848 497395
-185543 213755
-317854 -4363
221176 -79793
190220 475631
189075 236319
-219355 404088
450839 -409892
174021 394671
-7864 401994
460311 -292278
-250637 -186329
-158691 106134
73684 106653
-235830 83468
289059 -400460
-43302 291744
-297088 228545
-122203 367603
369610 -81702
-367634 -403703
-384644 -255226
120484 -371755
479696 -89400
92863 -224940
-256361 -249121
-343535 407466
460033 -497414
238546 -265519
458586 -222808
296463 54343
-322107 -488131
-367767 372363
-82448 -62970
-134135 130145
301212 160983
-52509 -371762
-165181 -28516
427415 228663
405073 88425
-29933 -215151
313119 429300
-416609 143862
-173842 -434368
419756 474845
23113 217135
-382188 -219147
-269400 -193365
433226 -94773
173948 -199727
31989 111982
245589 398624
331607 -127630
-185134 330093
118261 -439897
-187996 11865
373947 -481830
-366934 -218459
-346808 481597
-49613 159379
-457344 -450831
189052 378595
-304674 417134
-191437 -36710
-348939 -349524
483499 308345
-82912 117009
-470877 -449297
-40534 17663
128760 145491
274076 310772
319266 153035
-1296 -171538
-355031 -408478
-42758 -449390
467752 -377524
-120353 -71675
302605 -92238
-88215 461016
-337348 26603
20116 366480
-364589 211673
280433 236856
-479067 383925
-378970 400630
-387922 227333
271512 18293
-141949 391996
416356 -236927
222998 -228343
292320 -369038
385364 -299514
-380141 -192196
-305762 -478375
-167759 -49999
237722 188025
-164715 172016
464241 243807
204717 62729
-450314 -345368
20068 262063
380798 114371
239737 -19728
448898 383946
-177932 495167
126990 -323523
-470486 -481009
449044 -106851
167010 103493
198329 25076
-228431 -190736
157099 -230530
133346 -34686
-201127 -405972
387193 14656
87743 438829
-187044 422312
325789 315088
10152 -309303
-63066 -87886
-67382 -375590
12148 -292321
49095 -460356
335233 -432462
-170382 258207
122373 -217788
26380 206410
-83972 14855
207222 -230048
63767 193809
-120455 14210
-270353 -297551
135092 -215096
-227889 25292
-53285 -249822
261458 6483
-42004 -114445
-285856 488434
-403100 -340196
-45100 326571
10294 -325357
323021 -455148
223182 374914
82461 298764
-79346 -218654
441348 192144
-193237 -132616
-104746 38022
394008 461483
343055 -478359
495205 -204490
-146021 76510
269671 84104
463326 -384152
245719 -490775
-140593 407854
475198 -448272
348322 -458343
-452590 277001
8090 -221754
-135364 340110
150450 232444
-25619 -421983
-252478 387864
-14579 -223081
-255168 -272430
-420532 273559
316536 -630
257411 -26228
378650 394902
-412388 -260154
-454031 -11659
-312132 299033
-424300 871
-210817 -17432
-111150 -410773
-480668 -305527
258988 -185837
349074 227995
-103453 -276578
19363 -123144
116544 68592
-390822 298397
-301373 -295928
-483427 81625
247074 -181839
-243586 447593
-267909 413404
127409 -13305
-334279 495526
12707 323279
-480830 362539
49399 -125637
-79613 367077
37827 -329477
467958 373172
189035 -100901
413130 455247
-79213 -12365
-412072 -211137
-12202 -220806
96353 -138273
-350328 419580
18953 -9406
-211593 -152775
-159086 -24013
324994 98877
-442682 -223575
29084 308368
486346 -192312
-83916 117689
-496071 27428
95863 47414
275124 -224221
292856 -373255
179733 -68137
-66370 257224
-46896 -417374
-380634 363573
475700 -221307
-196019 -375647
-411302 -356983
-43527 -470780
49562 -115341
157105 289953
392792 -111011
-265718 -230131
-322338 -20825
153547 96415
345307 27911
-349300 -65409
146747 -31456
4377 178487
347192 -177035
-318794 -270622
189804 481099
384301 207319
181296 454876
-205375 -487170
222384 -193692
-61434 78028
-211002 479180
-36963 -478429
-289006 100143
133256 280794
225501 -487738
322362 -417106
51155 151953
458567 -322815
-136323 472213
-154990 -470799
492659 248764
378702 -182580
308637 125581
497052 198457
-170236 24439
336647 -133335
-163266 -33640
220258 -280814
435803 -491690
-234103 154689
91655 -271180
396079 66017
17265 -243404
420372 -383030
-58397 4777
-356350 176538
325067 -69112
-235597 465654
424901 -125805
190007 170561
228496 -231722
430297 428674
-48494 -301822
480895 -446319
-241583 -103824
487447 413050
233442 -393396
338205 -494751
415860 133769
-315811 -98661
162405 -35141
-148844 -442895
-446032 -40880
352186 143658
-321069 295926
-32839 108693
-264512 234840
-299424 -43268
-472078 487352
373118 -255795
-159794 16549
-309931 -120424
-22163 399424
298282 -100360
-77309 -378035
-127650 266203
-375546 198440
479300 -194203
87355 470087
334003 -494967
-244716 -222622
-300236 426613
-89358 389619
-222573 70490
264320 -188919
-196546 -444094
62254 270039
-442562 -374049
-225161 204152
-312127 -4286
-261133 430482
-450422 -258564
-101211 260134
-10624 327091
72944 -321491
-41195 -408723
-73228 -174415
-415251 475087
283039 -193961
40482 -114549
409983 -188346
375862 37131
-47052 -118786
280140 -365865
-88537 -257114
132060 370206
247385 217517
-210308 38949
-442514 -121756
248170 261930
241642 -328975
416726 407726
-414308 -231051
39209 4896
40498 115333
-249452 -89852
-50170 -411376
122621 465936
-473025 -387870
-305637 -324594
-410547 100463
32845 -436333
-41060 -38422
375517 327729
-126287 -409306
-139507 100308
-25115 -47277
-256912 231966
85518 62030
-64601 225365
493436 -404626
421764 343949
396805 -259682
-28033 -190785
379375 142460
244826 135632
414099 84098
302114 -296218
-370898 -185485
223417 161613
-48919 194706
-406609 -125775
-203770 28201
118011 100500
43497 -414419
118275 -412067
425656 -333101
417748 431432
-357668 10669
-467471 9134
427646 -103426
-58623 388114
173777 470980
240004 -486806
349179 -33375
-470148 275153
455227 -114555
208173 254395
-218498 -77308
394559 -368166
172347 -400517
-207052 135267
-260068 -173295
384138 -295238
377208 474124
348897 -347183
376102 88039
-347279 -112977
162554 88566
155494 -17168
360623 -79113
-353810 225527
-92424 -307698
-257066 102984
-192394 116858
-452150 -173422
340597 -410698
43050 282306
-369092 124549
-491253 455353
497619 409307
-6210 -331137
352627 -135894
34108 24090
-360459 -174019
-117001 122301
417411 237807
354236 -205412
-213475 -236880
339028 134418
132832 30774
306088 100383
-199796 -380529
-60644 480390
435216 -362851
-367561 282094
-196369 -59645
-457370 -81988
-427026 -219591
-478224 -286349
-299655 -349806
122625 111626
480748 -332190
39175 443716
-346713 385069
308953 -358160
-71500 158866
395771 -58417
371256 -28382
-417882 -365971
-71743 -376557
-362634 184434
-234408 209121
442136 -24491
-138898 -317301
282453 -341195
-40371 -315637
403759 338662
162116 162523
-449993 -356350
363996 -151168
470215 -489504
-415404 204789
-34474 416673
-282012 370675
194791 76448
79441 103170
448929 26040
-136202 461312
472223 -406305
267596 -450856
-81300 271756
-35328 358114
421010 -333983
239225 -133842
105534 386818
-79697 483887
53298 459302
300759 49434
308033 128947
307775 471593
368657 495440
-102867 -301680
-149171 424255
463326 476820
472931 109109
361267 -241025
312948 -49446
351016 284897
278739 334557
-208737 -34008
-191408 -437057
278797 -368999
-2600 -263685
30532 -176804
51860 -127046
261485 -50252
378741 -70032
495858 -169831
223445 12017
385615 -487993
-102825 -151096
-269616 307204
73274 375608
417350 -438964
-391137 49544
-159010 186185
-103131 -406869
225293 -61098
45720 114769
-436991 -258015
196223 -237578
49406 -473396
-8751 12800
212599 62137
-409890 -260210
356901 97910
233230 -65506
-446171 -410409
-229407 132856
404790 421394
186147 -242560
469025 -451366
176354 -17701
-355096 269803
472257 -9294
-238083 299855
-255116 -140547
-290560 -495083
94736 -332884
-67647 -44360
-224048 -218901
-383376 162562
-357396 -311674
-132831 -309395
-278163 -461912
-488703 -53307
-407192 96804
26103 117759
336938 441969
364381 -316816
213386 -480367
-28622 -29920
-132883 397551
-379948 -104570
-423300 -436499
29557 -285497
330928 408856
96133 158602
285806 -343958
-433813 183780
487751 265690
-413154 98087
231211 -171646
235607 434857
-255993 93724
-430956 -101823
335770 321043
355127 277559
121551 29527
136493 373570
-99614 252213
-209704 -205899
-426715 -104903
336062 -453317
372170 86841
-94496 -411888
479371 -428093
-42515 138145
-484174 460677
435632 -416939
-386826 373155
78747 126344
87859 477557
780 -314028
42751 457571
100212 281212
422663 220015
-138694 -226804
336106 -226750
-225066 435474
-83514 -36714
418146 -407053
386328 -36162
-267361 493743
408169 -474434
-482950 456398
-478820 -228280
-24543 358511
106972 58665
33545 -497883
49773 50717
74475 401656
-294948 266327
-346262 9201
-407643 17848
420553 456956
-252878 131321
-196184 428239
228239 347161
96599 254750
429394 453242
-150281 -7649
191166 -469955
-450514 -420423
24265 74626
-67906 273999
195440 173739
384679 254395
332390 243150
-450975 -31504
-164351 -113823
251156 -54632
-204087 -133271
-242060 -443786
441085 -118900
393670 -398449
58797 -158437
32875 -390434
365367 10626
14460 276450
33940 483610
-126016 139647
-295116 -292910
389645 466063
115096 318728
240961 346999
248665 -315919
352762 76628
178989 -490506
380184 -263945
-282196 126426
-103056 414898
-236235 338974
311011 352812
170535 -412791
-370988 -2639
231823 102973
-498722 -91123
-392714 450753
-152530 -122102
331396 372049
13310 290218
150550 120526
445771 3827
377392 19161
76529 -179926
-338761 -434572
496296 -155957
-197498 -128567
-50243 -126586
-215397 -237221
-443759 136535
392293 -295835
203570 68010
-256385 -256627
-355233 -177947
352761 74626
451306 -379231
399781 -357796
244346 -20523
6508 -380178
67326 295187
384212 64442
-298014 17707
-172862 238332
-389892 -158702
-447402 -50689
103116 -283092
-157660 -31683
-278696 181
-80413 -30306
-12495 -152499
-162471 406471
70776 -445736
213335 196108
-320307 -64229
-477573 266545
-173799 234884
-210202 -81375
-425145 -236121
-319690 483016
-292732 -146640
421358 -107979
468249 -337151
387899 456815
-403646 364641
453807 -420625
-306210 -265642
-482270 -143655
258264 -332822
-21047 -335447
297787 -444991
-97430 -3501
-26388 166617
21428 34658
-160869 -127612
95400 -17198
444302 98348
-291268 57913
356146 276627
190562 114451
348122 322900
-343144 -86558
-433929 38653
240770 97746
454328 402448
-178402 -386681
-113918 17781
-462272 -72476
-204488 327408
309360 401551
-57837 195108
344110 -368295
138613 -186701
-31621 95471
-369719 -378132
-101806 76905
290950 497891
130438 458527
333004 -202445
-485138 -175368
132420 275552
-435755 -329359
-443429 -441507
300393 -17175
53524 -454577
351293 -463324
297640 -423203
42812 80508
-55808 174092
235611 304199
471838 -196187
-281943 144708
347058 -80247
-294042 148242
492570 183818
-33537 -222255
-280065 313667
338663 89004
-17051 16529
441624 -51825
455114 -445914
492783 -292756
-231644 -63240
276142 92862
430306 227668
-431798 144809
-43616 -257407
-34030 -110632
-467994 -54889
-47390 111660
-284082 262746
490805 -94088
376644 -327801
155412 -11974
-239015 361020
378181 495772
-262075 -87672
225021 -200298
-19103 233777
265794 396323
-239516 -168916
17011 -191199
380694 -313239
-391236 226942
231803 432773
115170 42495
303867 -197008
102502 -464972
252320 490304
-398671 281706
-491734 -383185
242963 158571
82690 -328296
-487398 -316946
139134 -206149
-476863 -73878
377237 -213815
296340 182568
52106 52649
-118537 384453
314143 177873
-426729 -477296
-84350 415471
391680 125143
-393854 169999
-429454 -469248
-159448 -45420
-194823 -397351
105627 -49323
-175698 315777
400257 68375
90413 -356261
-258186 22460
-14489 -38483
-163448 -206065
-420397 -17037
-152438 45280
249625 189266
-31521 -75370
-340812 309880
410822 -232628
-199193 -72218
74429 -446048
190314 394166
-65744 -366468
-387645 -340238
-79113 219671
-96020 35144
-111646 -123650
-72323 329002
-5360 -43289
-142121 -127490
239247 -398045
71226 290130
-103657 475922
334300 -142981
-263857 112507
246708 -286647
-322338 488399
70079 332802
29613 -132561
163615 209972
-475168 386715
408207 441254
-339827 -271177
456309 374715
18702 223813
-412124 -56709
-166750 444502
-433785 421525
40835 -209357
75547 333957
66023 344314
423508 224751
145643 415545
410460 -169244
159775 -469319
280204 57780
45083 -18806
447017 -77485
-101668 18337
403038 456787
-365543 382995
475888 118565
-241222 156536
-73660 -58797
-158223 422235
157846 -128724
419839 -329913
-321227 119525
-485583 -478961
-493311 12095
66955 -250042
256066 255800
498922 103223
366349 -129027
122014 -260404
110041 -109594
-260210 -370175
476769 114422
-122495 217478
426986 198761
-354028 68786
414717 250414
426518 -485672
-287153 -333391
-128994 105456
172815 -155552
213957 -404253
-458920 417692
274309 369357
-96387 -67412
108515 -468775
87070 -231597
396758 191116
-399923 15490
-76012 59938
169867 472120
381000 497869
65960 -83726
-435888 111915
-462462 334161
-298538 445197
-323747 -464928
-105959 205199
-413288 89803
271254 7470
-417322 442959
148977 -80054
37944 62641
-14749 32916
-6254 479988
108356 -453659
-44073 -128192
-478067 353592
-84762 -118940
-41856 -153614
13696 -484137
-82383 -79710
197997 18180
450049 302642
66353 -234034
196999 95887
5231 64933
492263 139143
-472864 -380445
199087 -336315
-126799 -433061
98130 -422784
14977 411751
174137 -202567
14519 -300033
-309744 -438451
80427 -76380
16526 -427221
384086 296945
4893 78887
230697 -256180
-400426 -7972
-403344 -391830
298210 245235
24504 279721
-72537 306616
487055 -366636
-229493 29102
-408023 57520
105270 -34488
-449808 293183
-72934 -243698
-151216 -236234
-355804 -265421
112596 -60831
42901 124711
-120115 407000
381457 455963
-388124 -379920
268116 275357
-387704 -58318
-392725 49593
313906 488298
333329 92069
-416428 -40945
-151095 171660
317823 -233461
364589 -339492
323891 222141
271014 -19893
-252479 172480
-448308 110596
414168 -149262
-17522 -141934
-46929 172760
-80510 -316599
-138829 -319773
486775 -127785
319927 -140468
434831 -242805
489336 498577
-258463 82457
441270 80735
459336 -71685
-114596 -395066
83092 253671
23372 415475
296621 -460726
338318 447634
-325798 313853
354440 105724
-176383 -268624
407266 -235670
312455 260627
-141778 59894
-435500 -183929
394572 -261883
341584 301811
-172079 476229
457809 213576
-260922 67847
86730 194995
85609 439785
255470 -411166
8814 155576
-42127 -264230
394722 -294660
100486 56476
-355333 112676
468078 -121423
474508 53593
-480408 186972
-275823 246384
172799 58130
-57031 -94478
343614 -461241
46637 477193
63701 257177
19461 359117
-70075 -408776
117113 419307
-195178 282128
-53935 -172449
254637 396083
73828 469299
130586 21300
-189122 -20458
-331291 406852
238099 -139470
-357688 -447493
-2765 -456959
479866 -367733
206219 305863
-207971 -379162
130435 -341752
478078 319238
-70322 314344
-2615 171701
295435 291202
-481621 70989
91284 459916
192522 -36887
-190824 -312514
266886 60754
149747 -48228
340890 -159325
-239354 353314
424802 7284
-136330 411506
364538 -292669
343059 -165508
200249 262900
148556 41440
480546 453623
280918 -77492
121013 -122795
-228463 11382
-421564 -453789
207805 -410042
-433660 -1661
-417790 263205
381967 -203075
339986 57970
216408 -352904
-220198 -290376
198471 -79007
-61229 477384
249638 -159995
468800 -192371
182312 -323339
73623 456468
-187162 -185427
-59298 381779
-8662 -149314
-367309 300262
139659 -202168
380496 236661
55090 959
-365814 162641
467710 8085
292899 469858
-72357 -452251
404113 -199943
143008 178650
177261 10960
444801 -353145
223475 60727
128718 -13902
-230018 -447904
-356105 -55246
101592 369514
39478 -320313
352022 373338
-347272 -413916
339990 -11125
336259 81359
-268499 -256118
239238 120501
419503 190218
18132 -245800
23389 -430396
480339 416573
17501 -9943
461998 -471025
419928 443595
-471231 138218
-147529 -147224
-337513 -232425
-337091 375942
440251 24342
-21178 250159
-468907 -447939
322501 26742
100000 -171950
-357041 -377723
487651 -339371
425275 304437
-248336 52745
176235 79259
295263 -484702
29229 291608
-38780 -230844
-161262 -197894
471102 459658
-320444 -29657
480406 -316634
-191195 308868
-99068 118916
-279488 -173232
52336 173044
198682 -70599
-18302 179049
-236981 283201
67445 -410336
-376617 -251537
-366069 -146475
205001 -107474
-225874 498526
114633 -160381
-408234 -209090
499838 187811
-113368 187548
-396523 -72264
-349095 -392541
295029 -379181
-11877 251352
339370 -320222
11507 -496793
280908 272537
226512 121951
323671 -449573
-279167 422933
138237 173818
25611 -491381
358648 209176
134362 376002
242078 -248865
-301373 446950
-18586 197764
-216992 477421
130053 -468556
-188242 -214701
-83238 -325200
331835 383088
320805 167824
-436399 245562
-465724 419085
174619 454155
75755 -496483
-161596 -205203
-91735 -103008
-368645 226882
-52749 -358995
468883 -316636
437909 186363
-273251 -37476
-45488 390984
-156942 -489989
-303298 -113786
-103330 -5722
160380 -470140
-482390 346761
140105 438787
-434297 112241
423645 -237462
-28800 3081
-358522 250612
36112 118166
229432 83735
361220 43339
348097 161084
495807 -349607
-187902 497460
-167804 145163
262366 -150126
67020 -68569
-243178 -150879
124085 -321376
-184316 -37054
134606 391215
69380 -112122
282719 -64072
396299 393544
242905 57728
147346 413950
244071 223793
391937 -314272
-213348 152079
-89513 463944
-219848 -66721
-423124 -29847
-75867 373578
-421630 410364
-40504 -169634
-195038 -151665
61947 -412226
-49324 -257576
63636 72939
-495104 414233
-415394 464886
158343 410004
-62135 -56262
66997 -471091
-242437 311855
468211 387829
421568 -249026
486054 283009
258201 -20759
-457646 440828
-70101 -494265
-77895 -385124
324790 -95311
-177126 265099
39794 -220635
-429256 346554
-433692 345567
128364 -199711
170152 326910
-227895 348625
75552 -397559
138656 -292048
-377016 79644
-144793 225492
-333074 26901
-336546 219143
227772 -497691
-248680 -89268
-336123 -271381
48646 9649
-243255 -125973
42152 316530
-452572 461683
-137586 -154490
-380194 -109289
423929 56694
71667 304390
447692 368217
497580 -491091
145024 85271
-339719 61569
-53215 -237813
-293356 189397
-415853 -312354
-177357 -108053
295045 -441870
-256029 414264
-422718 -78521
-302785 -440346
-51021 -133397
-257278 -33518
-444273 403610
444055 -75968
78660 451423
-210638 262461
385123 481962
-148364 159897
-287018 12743
59446 -382222
66243 461601
-355078 178889
98570 -277608
108766 93452
62457 -390127
-374043 478531
469854 -454840
316428 383248
-213258 -310048
-184499 -311449
-428667 369335
-50079 -297275
85320 -156363
-234629 -498299
-413103 123164
30819 148372
196080 -422467
-440078 264596
352834 5721
121050 97024
82239 -263051
-352895 -23599
293184 75335
-479815 17515
-85975 -98873
-62811 -22473
123276 267742
19412 306816
-377820 -74830
-265619 -129783
-337034 129455
278859 192942
-230674 220187
-265221 -103117
-27770 271089
-14894 -451232
346494 33153
194727 -404895
235992 -371911
294788 -225839
-238900 193438
-467995 -343465
-429605 -365066
383068 215968
-31892 -469224
491672 41306
-411114 493154
-51591 -433067
373521 283371
25784 -472817
138825 458402
254895 426215
222694 -229612
-112141 182490
137489 334319
-442587 305142
-128947 193426
8783 -315270
13115 -288599
271169 -238329
404914 367936
278403 307869
146029 320438
65276 -434866
-448732 412306
-15816 308556
-200885 345404
5842 314822
-344565 -136032
41235 -240085
-150223 344053
-215006 -346476
422007 236978
-388409 -474148
115763 -128612
119003 456807
430640 -53875
273464 16994
7627 98275
258667 333892
120685 -235900
491702 392206
-295755 -406559
163890 -11894
461165 -485083
71363 415006
240966 -283782
489472 294317
346385 -305111
274838 -293332
281 277629
-208824 52100
188229 -340922
-6638 108040
308137 105329
36936 181514
-419076 357326
-161104 439597
407057 343781
-377136 146169
-78372 -50690
193799 -481974
442463 -233532
-215863 -22677
-15151 -147139
-185668 409556
-220460 190546
-409828 252899
-185860 61738
430985 -388967
88788 369206
284031 52433
-85558 471046
-336321 -474618
124622 287298
453690 -400435
33944 -348380
-292726 -88896
-361571 201040
6686 491546
471536 464297
367097 -218988
357626 -183145
492426 305917
58252 461604
267425 -93011
-188959 5269
476322 -195203
-284968 246366
-417838 -247100
396138 -145932
-55260 11831
-471898 4957
366117 -302066
4673 67852
-330292 43932
259847 -242548
265324 -392299
-152880 -221575
-39003 -72352
-122653 365232
72439 437873
-413431 -280200
193269 14491
-488036 302439
-72509 293292
-487887 -397681
-368846 233565
222679 132440
-281467 179770
495306 -13523
78517 186939
-398517 431780
267935 -242821
-416935 315674
-417468 364740
-344811 -156200
128004 309983
275157 237681
140238 -127933
9866 319753
153246 8875
-269486 -198290
8210 -340623
-491240 136731
-347681 17011
-159037 65880
467115 -42182
300636 -198550
-355191 -236983
-496903 -83638
378272 60866
-353377 -55147
-303730 461716
354437 129880
-77250 -13141
-28532 -340569
-280800 417038
413870 46341
-417366 -414456
-4818 -35477
-283272 -462941
390164 163056
339399 198944
332617 -53140
144943 211920
254671 -1628
-93226 -161951
-62400 -353518
-240887 -195732
-409613 98512
215293 44277
127935 -415284
228720 -165538
-417553 -186296
-259728 -292985
271141 -475777
-13036 -22299
-157225 99414
281022 -396749
-341245 -253273
78187 259227
307140 284175
17817 225880
64842 -412438
-438996 -1708
93525 446269
-212461 335890
146150 161462
-46117 56924
15421 -125068
222578 -104259
-272572 352024
-236878 401665
202293 357201
-311969 -481157
-178433 467858
138170 465129
96825 -410313
-406756 420459
-24993 -347080
446492 -397052
198301 158577
447140 376456
-173299 111662
390808 -357186
-131793 -26324
-287931 101642
-399724 -263874
-280548 -308839
-28378 -245296
233736 221520
-130049 -21472
-16610 116734
-457388 -84864
-115453 -150408
-397411 61726
-302457 -133890
-413177 -419031
375767 -456143
120179 422694
247316 -114369
281072 -214828
477975 150449
261960 -471882
-143591 118356
-76990 113203
-15572 78302
-481127 205972
-201962 375360
-412300 401403
294349 -64780
121204 23917
156388 -236302
280112 460096
399180 352302
186281 -114095
354343 361416
-312785 -315644
194739 -11140
479276 191162
70379 -254737
56184 -327360
389141 155925
-71842 -185659
-284093 -278047
-284152 -480524
-314301 -108620
-317617 -345008
300921 -64316
-188867 352907
-125389 353972
-34357 434847
397200 -327392
-256370 -87812
85112 305622
-198450 -46342
-134916 295353
284632 -285109
468164 357768
-223917 64095
496311 -129800
304678 -123836
-70436 21884
-473401 255437
475047 65734
-159089 427470
-440910 406079
-344084 -233228
-194498 386736
42302 33949
366600 -435219
-284653 129720
-311958 -290181
448665 -68695
281513 -189884
396669 -480580
368777 -134649
180512 -89208
398216 -492303
438414 136301
12857 180066
351643 -449055
290744 497372
353118 -305258
37065 376811
206769 -206308
180010 48708
89916 -15015
-486737 418753
424292 -344560
-32792 427802
143870 -425423
-108721 -361807
436589 289306
-31190 361872
25745 -35322
-150908 132736
-49048 -411854
209017 476040
381192 -490543
463297 1883
-72085 -213250
147196 28350
362056 -198299
-364439 -108490
215667 382712
-115512 -31986
-270083 203431
-57212 -385497
-321418 -392324
-479970 -240669
-94209 -71833
416885 32900
-204511 -295439
-488507 -211574
-297725 -423706
425705 -277175
471164 486095
-298993 219489
456848 -364077
170221 -422604
-253864 -142308
-200720 400722
-40221 290520
-408077 -181179
-231566 -203637
118412 491356
312479 76219
-188505 354150
-313402 102500
52493 -384376
-183738 -252495
-300248 69890
-167285 -123554
-235171 491397
261379 -341120
307255 -196593
-417833 483270
-105031 -172928
-261031 -209015
62373 171930
476048 370392
-379882 353039
-27698 401491
329515 294773
220986 -69261
-132649 98882
109977 -439289
62375 491484
-119438 226191
-224352 421981
462573 -55335
-400309 -421688
67703 176242
92197 -142125
-3195 427371
-284083 -469325
-211110 200121
-134160 497773
-401642 185706
305219 463373
-61624 -271558
486089 -284939
79856 407472
-365865 486440
386589 81561
-343429 -369840
393194 125368
-79894 -87387
168301 380008
100970 -491921
-462678 -186416
-456311 -116806
-446535 118904
-458397 -459603
47669 61177
174105 178164
342568 203303
-204355 -56132
330815 224246
-346108 181049
-59052 114866
-145631 473878
388309 112310
165405 -216315
346589 -20424
-63065 -222989
480332 -301585
52805 -190574
-408137 279518
272976 -397677
139461 488138
334445 -10941
-291701 -2734
386324 89996
126145 358445
311262 -386494
-38790 -182051
-187707 111284
380230 -192972
175219 -57699
14248 -1297
-449345 325699
-120799 -469106
-291784 -310717
-129360 122135
171001 176974
-249404 -411263
124121 -300668
359505 -322801
-196141 -263196
-327289 -410718
-473918 -168655
277344 102099
353920 260170
479353 357774
-380642 461547
56390 449864
-149959 133400
-46534 -159488
459945 -480076
-49364 -341997
216472 75790
302981 494994
315282 484474
88417 -132079
-238503 148033
-62364 -57648
241108 38661
-112941 456574
-258275 26432
-401850 -325360
-3910 -96673
-68220 931
-439335 396842
223255 214225
249561 -493136
-128078 -221347
-44642 276105
-451957 -222232
-157292 228172
106459 146596
-46885 147248
-271375 143269
-106229 246635
7784 -113417
329493 96653
-93807 51484
-386681 234075
148205 80907
-85337 213090
-77585 32579
-444824 78531
421565 -84781
375198 347549
-141513 -343285
-363087 -24943
263718 38751
-382869 -402131
283254 -67424
32274 311236
14091 116360
-491101 188386
142335 -181757
362797 292278
466017 -343571
193454 -131604
36011 478497
-2035 -421682
76326 -468429
81550 463442
-208676 236255
100001 37872
134442 179590
108811 -394591
-60745 253674
262123 -190738
-212984 -305778
179402 474811
-105374 -403326
71092 106999
-305551 -58120
-57728 -201355
467058 151956
-2865 -25955
-293354 -440176
-187405 171291
189629 -273160
429398 -182584
234247 -116777
-189165 314528
-368633 349967
-450351 93389
-451121 -31802
-308927 87404
34647 158236
440968 -156729
192254 -107083
-71001 305375
-398201 223825
458524 299809
-306451 -194806
203883 -432604
5230 412167
297969 393827
-495834 497142
366684 -490478
10468 36882
64035 -312722
-27812 230344
386555 84725
-286969 -25457
-328850 -206363
331519 481099
-199573 -166981
287096 -278150
-174868 -159614
371842 -479098
305906 -403415
480412 223787
-330605 254406
366934 -136424
483505 -273378
-385762 464226
458986 -27402
-355587 -97278
-123632 -402682
96053 265259
-278285 147625
-170500 499199
-2249 245730
-439842 261700
-257910 252175
-225455 499465
79237 483115
-254610 -475629
412350 319406
-383413 -132815
-69373 -315918
366901 412983
444522 -422542
449022 -227021
402450 -403640
-36775 -327332
-412806 429158
-1183 -362636
-161836 -87441
466302 -84887
-322053 -66019
79269 215944
449899 -2302
-203353 43782
-149244 406113
462674 -499613
-142125 -486075
-333303 39222
-478041 343243
478174 -268520
220531 -395062
-190581 132744
145396 -286898
-284813 -315344
-181704 -90400
-215324 186660
250142 -85806
283651 464954
-23026 87127
468466 -235840
-479239 -444552
128261 68794
288767 439923
232990 -239915
79585 -343560
345358 300937
-443583 -497179
-239811 413528
182356 -400327
302168 -469996
304479 -367153
215558 -114916
325605 -172413
278868 421183
20748 399761
237125 -260189
196029 29669
265465 -346068
-270468 -16637
40479 -59227
336633 -85773
404373 -458793
-368558 368496
370542 420369
410996 -198588
-168926 -27755
99665 -246957
-250500 493437
-299189 -258646
430302 -205216
-148644 -143578
-50026 -248146
491064 138431
192047 -491649
-403741 269552
-439908 97817
32331 357750
30301 374108
483055 467250
-223835 1368
94018 30342
106266 -199290
202161 208676
190431 277135
166349 24912
-283113 239927
-891 -236721
190005 470218
211592 125947
-109151 249808
-71982 115652
-71815 204361
371613 -383493
-191227 281829
-178790 -68714
351899 -185782
-162014 93939
478801 -3922
-82181 -100659
368604 -243780
275328 67627
100388 334459
343793 -318370
46089 264744
319254 -172579
-153251 37705
441235 -307941
347953 349538
-229910 -190039
-326569 -318518
-207827 -166462
277266 384246
148409 71446
-373509 417507
450768 -93327
-457669 93739
9936 -216239
-46928 24690
353011 -338051
-73494 -386210
-77304 -20425
276315 16831
28936 135212
-482391 421174
304144 158726
-358400 386094
-257872 -115824
-46404 -332078
379303 -366590
-220084 349027
115870 -499593
362793 -472813
432691 -186771
-496868 22979
-257505 349282
-281692 -103046
-294301 -179809
377527 -334808
364733 375845
312958 -361742
-444312 -482990
438094 -157347
-179634 -370229
293863 269126
-220344 -308519
37035 -262994
-46963 -147467
392701 -353622
-4316 85846
448436 -496653
288255 349755
303887 340558
426684 61017
-183626 -22065
-231522 -378742
461713 -255245
-265773 -191666
167428 260836
346303 258247
-217347 -198172
-69303 -202449
9697 -42106
-456319 -139264
188350 -427901
-360931 -111850
233611 -101419
-472493 -308088
498607 426938
136219 300115
328044 -475279
-70133 -231134
224209 195616
219307 -249928
26399 -139170
409126 61052
189628 156243
-356245 -459586
-439535 -126990
283866 -59667
235832 -50345
-415980 -117282
-485101 337334
429023 241971
-146595 312106
-283662 167536
-202362 -457071
2561 239402
-366517 273278
-493686 263441
-458 246755
-460920 -446864
469019 13350
-300761 487893
-47763 -108587
-26200 -302636
110503 408258
266796 -183969
-27368 452944
-208676 206733
-395701 246264
3353 376326
174843 -310496
111072 -288227
-213232 -67443
133106 308548
-63940 -126098
-390810 -204645
-453204 -245599
44605 -25936
-370441 93635
-71192 104887
-287553 217309
-206054 -351082
-262560 -187909
305164 234929
-321113 -199832
424649 -383911
210376 -86180
202018 -17073
-55599 205051
-52988 -166692
343702 236999
365781 175408
50640 -485777
396131 -227907
170130 291172
-186520 177617
393567 89875
67976 134645
-497039 381531
-214634 257942
426258 -153380
56321 -411366
486388 193820
-307551 -343480
-18096 -368399
-253756 -196700
-416986 94611
-263142 108386
-24804 412088
380178 479955
-315531 169019
-215487 494199
-321975 379913
485038 386032
386743 -27968
210109 138079
452684 214191
-83109 151334
-44290 -96422
-493256 97767
6601 366821
-450758 482080
282588 -32998
-431744 -470697
321224 346810
-286037 -153409
119574 -304943
-272539 444888
143629 196070
-201147 126136
324135 388236
-437425 337282
-73647 392272
-357671 274725
-43348 48894
231114 105505
-230759 240106
96033 470246
178643 104500
-27229 -324633
-184607 -129474
-452372 -27292
-66831 190274
5036 -304339
172922 -354046
-57045 -85742
369221 281496
-151684 262671
-155099 95503
-324621 491297
-150507 124830
-420235 -61910
-161665 -185432
-212735 457545
441857 -485233
-276695 -198644
17958 -24974
173642 154133
117668 -256949
271508 422121
32335 -332810
445084 -317870
-8213 -311472
489835 -375492
-377206 -428989
-15366 199726
-427234 -339240
-180327 20911
-382641 376693
337216 426197
325665 94376
485848 361899
381002 -219883
54389 -14161
-485602 37570
229802 158383
351871 -481815
-428470 -20156
391034 -379063
-228236 -227109
10854 102722
484399 -1628
480965 196320
-344461 430528
496812 -431292
380594 123866
-140898 -160527
379767 419534
292559 479101
-257124 25410
185499 151499
-498598 119423
-273479 313113
195802 -469250
-489979 480826
116979 -352795
-231917 237027
-30781 337344
167822 201870
-192215 -7667
462067 397766
8461 -354710
312361 68770
454276 -271212
343035 242982
-245612 -103238
-139327 -226465
226309 227787
235114 466394
-388264 4165
-317367 -456379
-47450 380223
-468246 -412441
291908 226464
-47934 -367904
-69504 -100997
-375943 -275384
-329083 381280
88382 188457
403690 -492926
116705 -337876
-245375 -416886
-58666 -470474
-6140 -339169
457595 389044
-383647 411886
228726 482843
218460 -339656
467859 -317620
102065 264198
-4590 -480364
242600 478694
-419724 -40238
-302538 173779
-117017 10141
210631 414256
149440 246516
-85568 -494586
-85013 300586
-297665 440400
277242 52347
-357096 -411388
442406 -252
215480 27426
449188 -235122
-282337 -149570
440408 162488
363847 421720
300439 362916
323845 -248197
-154820 35119
-315771 26617
101522 177319
-15904 111241
403013 -376932
401390 76815
-349161 102277
235831 341964
122729 24003
151293 -394438
360469 491046
-313601 -298267
278079 -384857
-48551 80155
374004 -376571
209505 387644
-167233 282050
297658 279157
-441509 236984
-387944 395047
299424 -199477
-134672 464150
-117051 -145397
254322 -79586
-187289 -324787
368381 163803
439681 423406
320997 108371
123405 -459716
64240 70159
-64397 420482
-122859 -225754
-417696 489342
-171137 -196733
-260414 320298
387114 -412915
-352893 -176978
466592 -358318
-264417 -159698
-364516 -64551
-483875 -493867
137056 263437
362838 -401558
-489279 -145322
98404 -182607
211047 -157057
-265152 95158
474711 -144518
-463785 -168319
24720 -366537
173513 380890
94370 -472759
403481 -136159
376474 -262633
61019 -484838
-367394 293192
366134 436604
-444254 331181
413645 220091
-245863 -40025
-347041 -32810
-401930 36142
-87885 -324105
204569 -2416
96231 223317
28195 365842
-279656 343886
-182365 407747
-334207 414692
-466329 51272
-12516 -296015
116622 -462912
265103 -242646
110749 50444
433421 -231173
407170 -404489
-104177 -462511
186998 -457427
146701 136237
231595 238544
129340 132005
130005 411140
413425 -142899
-64679 -339512
84618 193644
-355689 364384
63368 -122510
83804 145773
180244 191314
417026 287335
48631 351025
-146576 61000
46076 31964
283500 76382
-15361 379957
412929 255042
311147 192442
-235034 -359113
-364184 -460245
231581 19161
-279651 442726
-216982 79682
101216 63387
146552 305074
198224 -138904
-244445 -51132
130732 -426059
-385458 -343117
483126 372241
380883 435921
-326349 -332890
482455 -333636
372668 369391
-40765 -336378
39785 242550
-213436 68229
275092 -212120
-180742 441714
113633 -296387
267033 -97208
41029 -160601
-7865 -223223
-23285 200160
153884 439367
-106760 -288420
-206443 276851
-347058 417197
470693 -144988
-241746 108622
-188878 4960
259706 -284337
4841 -263310
-342955 -330518
440318 -24902
-346124 343790
92566 -58896
-398444 268790
343980 27447
366603 -242689
144315 22943
440256 270683
56215 -91536
11424 131671
276397 439502
118059 -399435
33722 -340287
-156270 -429327
116762 -100293
289340 -157196
180014 211297
211677 297332
-193127 80124
-139230 -128226
-49324 -452007
-486345 -237474
-159587 347537
116249 -254512
481185 -348805
-483840 290987
-457915 168204
22456 233448
-264382 126115
-393315 89231
195136 -443917
194092 -175721
386981 -55840
405007 -484295
38018 -48534
-236235 -383711
-325142 -143427
317391 -207149
-106450 496936
-16903 325689
-283316 321305
-179133 -279211
142200 402075
-13803 350821
25094 119223
149160 163919
13233 82344
-25987 434405
-484409 21106
-43300 101583
-475012 397700
117760 -406317
-388985 149481
458336 -85987
96322 292417
106740 -308574
-182521 -322651
-20839 -95895
257650 276005
379968 -398919
324454 212411
-23615 163965
357430 -265811
-341763 -292803
-279871 -302201
454818 -119349
-328842 -420505
-202049 -18602
-200172 487011
-414680 250416
440200 -29611
-154431 496540
-425474 -290227
343989 248349
372877 123522
-20076 64885
498561 426913
-414592 144371
261377 297814
154092 99400
-162714 104767
-53033 175269
-403267 321875
225749 189548
394303 -13895
-213655 -78170
-187866 90278
-216330 -436116
433220 490993
11557 -237446
-1086 64463
-223142 162644
-415384 -472090
48478 1454
-43773 387335
-259210 102336
-122066 -209888
-443963 379054
72359 -4095
77036 412552
-336268 -467125
-470225 476470
-5859 -124932
259681 142105
-241030 -439745
247378 239724
-463851 -309538
-137697 -239509
217324 -134957
222046 -7444
99012 -200440
187798 -376174
123286 -441989
-437100 -64219
-446309 72064
-496506 66427
-405599 -71393
-138795 -212450
-292486 -231612
251842 -247376
375168 202607
359280 37541
189216 -205187
-274824 -20423
-287360 -20044
-493586 467090
-249166 -1366
171872 24479
-294095 120086
-458121 -290725
478241 -287879
40058 -421176
265410 40000
-17712 257457
411339 421244
-97102 -60610
-461271 30739
442341 11537
196794 359124
-142284 -67582
354818 -450158
-341435 -191063
-143719 -366651
261431 -412661
53961 -244842
27002 372001
282799 325405
-488513 6270
294214 42755
-444359 -400317
-59986 -142477
-261166 253401
-381464 299553
-239899 370595
-120278 -433081
59412 -2152
165763 117575
372842 449295
-358049 152303
-474251 -327389
98724 -178006
-386066 -207808
142054 -328388
-441769 -226592
117769 -149675
60963 12380
479832 -221322
-412237 -170280
-344684 210004
94277 185667
375324 -381569
-430682 369297
497986 -398291
321870 105183
41263 83709
-202698 -460801
-401356 467281
237229 -117705
315529 -485035
477754 371914
469380 209055
465858 -338244
403468 -22873
302042 -20671
429519 161005
-26846 -390888
-156343 -102731
96891 249552
117654 -243618
371412 -151722
240052 -129825
249359 -225442
-191565 203989
232297 437008
-78776 -397338
-11751 -425303
111602 -304687
358211 18162
-249639 104648
80042 273865
-287758 227183
197723 166897
-363934 152807
-94328 -462059
339308 477118
-392234 357066
-406775 251517
-270918 -384933
-374010 -313461
349905 458767
-389152 -438744
389579 400500
268107 274174
126865 134174
-269183 -240494
-393914 227174
185337 390364
154711 296190
102290 320951
235202 -419452
-130122 327919
-406070 208456
-259760 -134746
89454 499592
-58090 -59353
-273648 -407948
5348 196484
-248018 443705
46027 -387966
-215787 331962
49506 95982
-295044 -47181
-178488 255028
249448 -461048
-411088 -291325
-404860 182951
-103191 -406198
407505 -64756
-13408 -9163
290934 -181185
431228 381460
373715 22467
-124334 315373
-76183 474934
-361241 -389946
255693 202628
460628 -425108
354599 339843
318959 -213320
356684 423930
110038 305096
420538 -248102
484305 451379
-341231 284599
-490918 80873
-483343 17702
-24685 -301990
-310397 62331
-55837 493403
-98959 455852
-89029 -164608
474324 -299493
378231 -433757
278154 -185246
439620 -307833
-235199 486368
367660 -128354
250179 413751
190437 212186
429991 -85848
-276397 -397925
-387972 119886
143020 -274117
-463538 142285
-475824 -486256
-293494 112271
356099 231149
427326 296605
-279202 -428636
20659 282614
-161717 69972
389248 -418800
412526 -177316
181328 154125
388507 105332
236954 165780
-275874 -398530
199694 -67678
-430168 294698
-326945 31915
-496522 105254
-458322 76164
423600 -328983
-117374 378896
492129 292788
-299053 463795
-499263 -432468
-442945 459202
41384 183560
282778 465713
-303474 -287177
-458239 -299625
-239061 421731
221624 -59217
-51427 -311616
-135209 -482184
139350 -421301
83251 392515
-378853 -332276
-478211 -90788
-397282 224557
145431 18165
-2683 -11355
36081 -251935
131633 -52828
34355 478708
483316 46591
313341 -106011
7425 -133934
283281 28569
460965 296592
-426157 -405234
-323290 -287958
-76684 -283621
-373073 25944
236640 -446436
219803 -184521
-221758 -63442
-409169 -221471
170917 -5356
-155791 353037
-448998 174726
385209 -221349
482697 -133866
292971 -360883
-107896 -146454
-121142 -245328
15206 -404595
-264783 -2328
-147561 -310224
-354124 -203337
-281312 389970
-485532 -142286
116165 171695
-12615 491150
-341390 448739
-314664 -467561
317172 187780
193266 440007
-343217 -154563
33149 279274
48905 498707
486062 -211875
-205451 94576
325988 -468532
432514 -170304
-407275 474020
-473190 -340298
-138142 207530
354305 -200205
-385038 489181
-322538 -71669
-156638 -415663
-150260 374008
-292761 -28488
-382433 -382240
361543 287681
487100 -326520
341160 201262
-377843 -461840
-27473 -481479
-20742 332066
-122839 -206333
489154 220725
10774 406659
497682 26716
377287 439723
-463613 180203
173452 495301
-29245 -69551
-294596 283037
451034 -100460
32799 92906
191897 -292538
-350712 44012
92471 -444570
497956 454945
-329551 47706
308459 -312988
267074 387061
-370397 380404
-182826 -223135
-8662 154958
-79690 -473592
-89290 -72015
165565 85197
35949 237334
183514 -337375
188296 309194
-44107 -63930
206927 273086
434361 -118220
143164 60958
494819 -158062
-344982 -305402
-326589 31214
-143206 -119710
-313336 134192
245336 86200
-85409 -267748
428985 -448344
-152888 479239
279519 208599
453110 411137
-253762 -322938
181304 146323
392760 494948
-107945 177081
-392478 -42372
-25435 337037
268405 -32722
379189 -409607
-414860 345155
435231 27654
452574 244618
122864 52720
463745 -59160
283098 -290194
257941 -65680
449310 -471547
-192772 236180
220949 -56649
-383181 -94022
333051 -255628
-170857 317359
-255095 -383670
468165 -482263
493883 -245920
-21244 179363
-13158 -348467
261101 170861
48604 135801
128076 -73957
-37260 239373
392901 -125181
23890 136061
-375748 -265973
296087 -280303
466954 -458702
12640 495552
154811 419749
-174938 -328584
-428579 -279914
193504 133283
230378 -410990
-432683 -227795
-219496 -335593
367484 -25239
187774 -304135
161526 287485
-477637 11189
336904 -211051
-276067 412420
-382576 158150
-114606 -218572
-167105 392138
-404505 368721
-475359 92391
362395 -467402
430080 200679
184432 -26078
441577 351527
187680 212299
17997 -78600
125406 -29770
-183251 -94120
-377424 -188233
-107639 -199129
-427080 157516
-402174 157360
-2768 440984
245159 209038
-104717 -83027
122584 -423282
-95119 -378125
-217807 -184023
-49726 -16600
486642 -201253
6406 -172389
495788 245165
409811 -123342
-238582 -187179
-212783 142489
-84150 -284253
270893 -89991
392059 -109520
-161910 190912
-75342 283232
230892 -490644
-56719 74920
49084 320192
-374379 -458028
133176 165620
-55403 -290880
69627 -194845
278437 -167676
20295 260987
-238394 -85462
-145848 472255
98950 -70372
-11010 -169942
34866 287725
-104170 8844
-152716 311161
479609 -138097
497840 -474079
-70032 321897
409501 452211
430028 84697
217982 129528
164106 377179
-391011 -268410
-466430 144343
175459 69654
67953 -11406
342991 -418926
265785 447730
68704 -295282
113014 -145583
56743 126980
105454 -78577
-143312 -154988
208739 90437
-48978 216716
234171 -323547
396192 -44386
142551 -185773
-491864 86833
335453 -75586
-355023 -350885
-499826 150229
225792 -256200
-44447 292000
-51663 28892
10897 187013
-64355 437183
-455738 -7131
-153935 -337805
279842 342282
102448 353409
-18461 145417
117256 403032
-352543 -331364
63002 470283
473146 246825
-157298 175270
179319 -331621
-50345 -234557
-458079 173028
495106 -81713
443898 400482
-16123 86385
457653 -226741
-160985 325488
-123702 225135
433716 -117456
-306028 79949
92597 375357
-64328 -372247
197383 -172777
-324861 274809
263226 -226110
-149011 490740
-483809 -242342
-81633 453275
450679 487698
-414184 -265742
7983 320687
172553 -90043
-362889 -480569
474918 97844
-381741 395101
-133073 -371928
-15008 367973
455416 319246
-274383 -362168
334962 208969
416150 41317
141133 -487990
-98922 62208
148113 -274778
-104329 122110
201115 60618
-23940 -639
354218 -282889
-276191 166857
-116480 -153648
308268 -243839
-323142 -338688
481488 -414067
-450987 464714
361694 -339589
-489743 23980
-145591 -365043
176719 -360916
91292 230359
-292750 -346524
-64444 302656
-344426 -470075
-107888 398760
-56889 422981
256709 349623
53129 -334364
-161352 36345
397660 -283791
-376289 482713
-266169 337341
24497 78017
182379 -115940
-333611 39470
232292 191506
-140832 52656
24110 217991
-359251 189743
-204618 -107646
19364 -69115
-39842 231113
116508 -302291
202131 320778
-414593 67495
249266 -59878
102813 126281
-201948 24520
-101678 -446293
-316819 311253
191735 -183703
-443010 -416777
-35283 -332807
324957 240825
-364905 165489
129585 -358032
446210 496370
-351451 -100701
-2151 341720
1084 141429
90601 -303468
-119005 111276
-241322 275445
-64453 48433
249340 175585
390746 -227420
-362127 125798
479468 487054
355902 -75941
314873 48902
253157 131335
424871 -67997
-438487 134468
-346976 482637
-255373 -145110
253030 285481
-205937 -193377
88853 -231617
-442232 -370684
344662 238258
-28340 278507
130462 -337224
264725 307803
84672 174720
82745 -84343
97685 -227827
-465386 408707
384439 50055
-161161 -414950
86403 240530
261625 281809
94670 -193336
429004 -194976
-58884 -888
266691 115639
48204 480117
112391 114403
-363186 372258
468776 110622
-61083 -239363
-91108 -65583
-194930 -366945
-419507 385779
-450592 213654
128043 143146
77388 -28517
-63827 -28409
-252035 -263171
325954 199174
-169423 306133
-173961 47408
-331318 -127568
-452869 356156
-317326 -301606
351549 157916
307810 -380328
-336247 -87325
321152 133718
311744 191466
188282 443417
-437922 159593
-324007 -229424
187285 -392675
381962 194690
426303 436966
74167 270890
6734 87845
-220260 -123092
-297264 73257
-422630 -417944
-202201 -174019
16065 -242192
264022 342749
57619 -98675
-477919 -379058
-212103 -488145
-242406 368186
288640 -126719
304346 286677
-116610 204757
-449787 -366183
-124748 -446564
35636 -371781
168710 290909
-373391 -462441
179654 439315
114193 64443
439310 -327506
-339161 -397749
-129617 -266637
417810 -187015
-290565 396081
423775 351358
129355 -69211
468534 -159360
233203 360193
280153 258752
106983 -481267
-405147 -215278
-184435 -276982
-163463 -289930
-363399 195088
153271 279237
403813 3078
-199829 267453
-133734 -22079
-395846 328951
98994 447748
-65233 356607
-21516 75066
-486656 492145
302044 426752
-184284 -51957
-376384 217029
-225551 56403
-386149 348025
397189 104460
-476605 -158140
-178407 18057
70413 174698
-248274 -421002
108610 326259
-254685 19615
360434 -76706
298967 -497148
267205 307629
316999 -129501
387518 104133
351424 383313
-25921 169836
1828 -242028
259351 -196722
-25717 -55755
-383199 407385
-91079 -406318
-156517 -25844
-304028 22027
-345102 -373971
135630 -360212
-292093 450377
-369206 -186713
-485736 442378
-188352 -307242
-224505 205678
59678 34493
143042 434064
-267132 350097
376394 319268
425585 157432
464347 453442
-151161 89804
117911 40230
-43189 258270
-433379 -15364
-37278 219527
-370065 434524
-148506 -223465
-448570 440951
295980 -48018
480975 239508
-173113 393879
100511 320897
-314457 365974
339280 -440240
-188672 -395134
-407379 -440403
149314 202056
-51203 -417580
230582 -323726
282051 -281765
181919 139356
-161574 -168021
180295 288309
208895 390081
115796 -235115
192151 368316
341338 417617
-421030 304664
17353 321252
360903 -8010
-135742 -153048
-453587 474369
254776 15262
-309328 -357388
-463578 -425122
300351 -52377
-243115 -145756
41443 -73706
99343 -141011
33746 29272
-148259 -468243
173135 -76254
31092 -401706
-444762 -463148
-491849 -381114
341197 244354
43895 453629
-156879 -75528
423118 242293
-435988 -76681
-256601 -427081
-334631 184054
-286551 208498
-408553 34132
-152361 91417
-330070 -143062
-389935 201512
-18505 221446
23548 -46481
417361 -32440
-86061 -352487
-177379 -451959
478394 -13350
270447 400498
-141094 -41666
-63448 344016
-208651 -358850
-43592 43929
374525 -78734
386756 -340687
380112 255202
-274957 130943
50565 -344349
-469741 283648
-411635 136939
-229163 295466
194934 -245075
462179 305100
193548 412418
418298 168209
331350 386979
-214834 31088
-164314 488830
119763 -130349
-192676 -346701
-443073 -149052
-399613 473159
301045 -330541
78405 356310
-90780 464105
89451 -101267
-20818 15669
-127016 -30142
-158193 32527
145107 29992
424693 -412355
113167 128637
-359328 -133102
-331073 266620
-498386 414092
264576 408095
423626 -221449
-241571 -149951
401675 -381368
258587 378129
442658 481913
-330691 -354219
100143 387836
343612 495303
-486559 496880
237104 -191078
491671 370906
-335446 417585
-22671 399691
437538 -474945
366294 -431957
-61745 -302894
14659 106419
-141566 133799
-143532 -52461
318840 -139629
-132392 -202745
304087 -238553
-252381 370105
-176398 85340
128579 -405571
129914 373575
10685 258097
81639 85851
232656 2235
402681 -382692
147586 -369772
-410774 -322850
58038 -380613
135783 -91532
183098 -278038
-409825 -116241
-425802 -13073
-332442 330537
-127275 -416202
435269 -354122
-196802 332850
-111882 -174632
-31123 -16642
-368320 -494754
-403941 122579
87207 433790
122801 -365839
384292 -274675
-235625 -289730
472817 476634
344257 398805
-348998 483534
-139908 -136826
-125818 -88839
491599 250199
-356991 350985
-396808 338742
357064 -404756
-297627 -163245
10389 -17142
-495377 248490
193426 104861
201139 -147492
-312252 176692
304884 197489
341035 -124067
264579 -375406
51530 420206
315634 -391937
-206700 477038
-428970 -155166
-377110 201557
-117789 -275855
408942 436563
125128 -27462
41031 -393741
-272802 328754
257754 114484
-419589 -177753
-237737 -136326
-323461 -251780
-30215 148459
229339 323041
-464285 -133774
-17196 -211969
-453389 -321516
291788 -292732
221912 455310
483885 -25736
-90915 323508
-391666 -225917
344558 472644
430684 16558
296143 -388768
-106839 -395495
-109726 120605
-376420 -292498
347894 -374398
346499 -229617
-51676 199649
-25506 325515
-70057 219051
256089 -42121
187261 373554
408504 -272070
251800 231322
169969 109666
-319661 162228
216824 351243
17496 -186710
487881 236604
-260309 -206663
194393 177952
-150121 -45904
15054 -457437
-360176 312172
288347 -336888
366188 -371693
478700 -186471
-336321 -397401
-125737 -246217
-198140 189932
-451043 121753
-380093 -347206
-22940 475989
-178982 455254
35425 -164120
75484 316739
-77486 -363557
-389117 299175
366911 -240114
-40554 -126174
-115679 -317530
-400278 162604
-446514 246148
90185 -396340
-98052 -122582
-299161 143814
-138682 306122
128333 -304172
377979 214221
-466706 87366
137749 375612
264756 -109993
-456630 471667
455535 -217366
-242299 -193182
-221904 416617
-480126 -188741
495820 102335
-192802 494946
-459576 -366928
-289518 421255
-271509 -356375
466549 197856
359237 -270071
-259470 -239915
35801 158892
157024 -96822
382246 135119
371868 -275714
-354568 -170070
-304263 213918
-123177 -392720
-135094 -210806
289897 214903
255432 -27466
-49116 397531
-73447 330918
398286 354576
453909 -128650
228002 228447
270657 190231
233609 171468
-459005 192609
51161 469708
283161 -146985
412794 213826
-165794 -422341
225310 -324099
-236669 105044
170991 199045
-349648 -432852
-117217 -102371
-345965 -268699
230457 373677
-234062 478785
-133253 55949
-140952 -305799
483546 -59314
96307 458772
-32092 -240698
237476 -9135
-493709 -479667
-117555 347534
418392 -391742
315587 140979
-347207 -109956
-390035 229046
382277 352115
-186297 64750
430508 481952
-76917 311468
430253 482968
166603 -208386
-10793 404077
-385109 -476315
-369840 403309
195293 -100284
255121 -32139
313439 -316950
372073 314125
-282352 -72583
370001 -373985
384910 35228
68170 -152814
-494853 -135960
193088 -301074
-223855 241954
-402407 -305170
-336676 -121849
227690 -89320
-411758 417100
319042 -179027
225751 -387807
126340 14673
267639 421046
-144916 452111
82751 473454
465336 73249
-165523 102486
303841 -416590
35976 -104597
-82571 105436
304693 -76939
-139919 -433664
20813 -482506
280125 -270762
-339187 -350490
-445783 8589
-177277 5452
330746 -194414
478831 196623
54473 -196214
331480 410841
-398629 325938
-64453 -442796
257031 166193
-99848 111750
-478 -211697
-41156 -259691
283891 439849
353616 145034
-21341 108665
87763 -392218
290162 175637
263513 426747
429611 264108
-60711 479278
66772 449622
-224290 196526
192939 65169
-74349 -88757
-179666 189343
-10461 34510
241669 -349839
204838 116419
-342302 -153205
-125935 13618
114785 239750
-82087 6825
-467665 256224
-419477 36951
-88449 -186805
191478 314038
309201 477149
143388 486261
496420 211053
-63311 -190674
410709 464911
-146781 64636
389080 131869
-30348 261683
423970 -7761
-223976 -355185
-342493 120565
-7551 -162328
332000 -120753
213814 -54064
-133086 90567
122050 -431260
-273072 425891
430052 -290924
-189681 -472306
495335 -432204
-326997 -266405
35539 -419182
-250254 -407983
319278 83976
394895 -197000
235929 251992
262670 -278666
327954 417196
31387 460512
65542 195489
-463040 -381046
-206209 337332
-193758 -6540
357329 -28598
-482228 5394
81753 -425383
-272052 223319
-215903 -389474
-76734 -451052
433161 271285
-106879 342589
-55566 -398499
-402424 379790
228918 -371226
6669 -435538
-341588 20056
195019 368820
-399151 246635
-268818 -446413
-457222 67808
450286 -217026
-52196 -441869
-211052 485942
-339040 94967
-125522 119610
134400 -55475
-255470 -483299
-203721 -326507
-383464 -96413
-453281 -94321
