-990 -572
-805 -459
-24 -43
-74 -79
-9 -38
-56 -70
-592 -369
-227 -171
-631 -388
-1258 -522
-335 -243
-9 -33
-921 -514
-684 -405
-262 -190
-373 -265
-570 -361
-8 -27
-469 -317
-661 -403
-1107 -600
-169 -146
-1242 -531
1 -2
-1096 -604
-1055 -607
-1272 -526
-705 -420
-1030 -605
-86 -91
-1228 -536
-189 -153
-905 -501
-1189 -535
-938 -528
-95 -97
-13 -43
-1119 -562
-1060 -606
-31 -50
-1128 -560
-521 -340
-1069 -610
-975 -562
-3 -22
-38 -56
-139 -130
-1000 -579
-546 -350
-1117 -568
3 -16
-1090 -604
-210 -167
-963 -549
-1078 -603
-353 -257
-394 -277
-870 -482
-1109 -580
-1106 -603
-890 -495
-9 -22
-156 -139
-421 -293
-246 -179
-780 -452
-1048 -609
-1101 -600
-1212 -537
-1112 -574
-281 -204
-727 -429
-127 -122
2 -8
-1106 -587
-1201 -535
-316 -229
-1095 -602
-948 -542
-1018 -598
-615 -377
-1157 -548
-1038 -606
-442 -300
-497 -328
-1114 -598
-854 -478
-50 -60
-298 -219
-67 -73
-1171 -544
-41 -60
-755 -440
-1134 -560
-1113 -596
-1014 -590
-109 -112
-831 -470
-1145 -551
-1084 -603
