67131 81318
47927 -23166
68861 382
16619 -21358
52346 84891
47322 -23475
78147 79889
80541 79573
88242 36754
67254 81288
3702 -17492
94442 49105
-61362 82096
1630 -11515
-82082 80306
26105 -23480
10535 -20546
64428 -7088
18840 91029
89847 40604
54786 -19715
3123 -16212
34725 -25329
36458 -25621
23981 -23159
46965 86671
61847 -11308
39416 88180
-19908 81531
29681 90146
55010 -19532
51153 -21756
-87789 79049
97825 57151
9151 -20045
-8072 83810
46573 86788
1661 -7465
73809 80244
45264 -24351
98131 73618
999 -4628
68 -2167
23210 90846
12494 -20900
100116 66555
2163 -14259
14097 90386
4371 -18670
37549 88614
7 -878
-25476 80588
100454 68884
94174 48544
1681 -12257
29 -1180
63976 81958
-85666 79399
98900 59460
-59156 81617
30186 -23949
-81827 80371
-47681 80462
92181 45493
2031 -13982
-90509 78785
36056 89045
98441 58355
92141 78016
96443 75148
38456 -25558
5139 88432
99462 62008
81688 24865
-65565 82475
54195 -20144
94501 49236
-46021 80337
77055 19403
91620 44294
91141 43272
100352 69440
68095 -733
3805 -17697
-84007 79744
1477 -8170
498 -3456
95527 51820
-48829 80595
31499 89875
84186 29188
39321 -25470
38831 88296
38712 -25526
48684 86078
99380 61667
87758 78895
6227 -20023
17759 -21596
69171 80749
99924 64346
93737 77488
49943 85708
66235 -4145
15307 90575
99505 71700
52987 -20877
74849 80105
79849 79677
62400 -10369
84998 30989
60272 -14040
45 -1045
-64242 82416
40281 -25277
-6018 84443
6652 -19943
100282 69527
69904 2158
37153 88724
99197 72331
34622 -25290
34155 89449
59034 83040
25453 -23413
17633 -21559
87930 36092
28694 -23681
79374 22333
11634 -20747
-15308 82261
39873 -25364
95565 76167
26467 -23484
1840 -6473
18987 91037
9 -1345
62005 -11023
74975 15062
96539 54253
-50705 80823
29683 -23863
96893 74659
4499 -18854
1641 -11850
52175 84937
3223 -16462
27070 -23487
89607 40135
10675 -20580
56511 83744
20815 91042
5291 -19537
-73158 82416
-29530 80023
38634 88347
-75846 82012
5583 -19805
3714 -17517
1492 -9692
97081 55503
100204 67472
23058 90863
-48153 80521
26887 -23479
90799 42582
75324 16079
96408 75195
15941 90691
7 -237
-70228 82572
43879 87625
90707 42371
92456 77927
95541 76183
22596 90915
100095 66805
7375 -19723
66383 81482
97685 56867
49085 -22553
-69730 82594
-4123 85132
99997 64974
90695 42335
90737 42442
2435 -14772
41668 87989
85473 79062
868 -4326
51970 -21412
88219 36705
100438 69232
97947 57426
24821 -23340
-8631 83618
22196 -22906
12686 -20930
36164 -25610
3590 -17250
48107 86269
65592 -5336
-13565 82504
71457 6026
99912 70052
59452 -15190
27665 -23526
99371 61633
16214 90745
89654 40225
-46301 80351
-19354 81594
98930 72738
63423 82044
57353 -17271
50543 -21962
98877 59387
4750 -19165
28370 -23618
-26418 80380
-69013 82611
50687 85445
-67550 82609
3902 88069
75932 80087
60380 -13867
-44487 80251
44913 -24472
91489 44004
26908 90461
36373 -25618
92132 45405
90463 41804
1445 -8680
100137 67216
-24559 80777
23432 90822
63067 -9320
30855 -24046
58699 -16028
70592 3593
-86947 79154
75322 80090
1534 -7963
74412 80149
70099 2626
-42384 80134
-55448 81141
-53831 81038
99689 70470
61628 -11723
62819 -9698
75902 17429
98534 73209
62805 82180
43937 87612
97892 73851
97435 74252
-19669 81562
42294 -25094
9132 -20029
100456 68950
1468 -5655
92254 77988
21173 91032
99599 71007
7739 -19412
-70703 82577
-63668 82381
78647 21496
88523 78778
54381 -20019
50661 -21929
99850 63845
-15 -534
-85101 79505
11188 89854
3836 -17765
2269 -14474
8022 -19413
65466 -5562
-90200 78808
100235 69584
4607 88282
7926 -19407
8934 89355
99341 72039
61067 -12808
1435 -8606
-91309 78657
100457 69046
98616 73108
-48629 80576
2847 -15451
84541 79119
97773 73949
61289 -12399
99820 63644
99784 70266
91007 43001
23371 -23049
94980 50284
-39210 79756
95651 52164
47210 -23536
1538 -9753
92083 45320
94311 48828
99473 71775
-46439 80360
4017 -18124
3293 -16626
9325 -20154
1495 -9949
33752 -24947
56427 -18255
90632 78424
65666 -5195
45670 -24217
12147 90057
1861 -6761
-41520 80048
48805 -22695
48366 -22938
635 -3843
1478 -10545
32269 -24470
34587 -25276
20670 91046
12 -315
98381 73373
7335 -19769
48869 86020
96797 74742
68895 80804
90792 78386
63003 -9419
-8141 83787
95886 75821
62371 82283
99603 70635
-54340 81071
100324 69480
94444 77017
-31990 79749
16628 90815
47062 -23618
3075 -16059
-58218 81445
75563 16755
2281 87550
83180 27094
8932 -19843
99036 59991
47014 86655
71059 4761
-74563 82215
52459 84860
23715 -23109
27958 -23553
99598 70956
97374 56214
-25403 80604
-65966 82510
-12969 82611
45629 -24232
55903 -18783
38566 88363
9431 89463
100453 68917
81467 24631
-87059 79135
5685 -19874
11337 89887
93370 47328
2022 -13954
85561 79059
62595 -10017
93179 77728
75147 15511
21799 -22849
-87730 79052
63202 -9120
-2837 85631
92341 45743
56898 83648
36417 -25619
95050 50473
89458 39828
93835 77441
-6716 84218
-25773 80520
95097 50612
-34646 79590
-7713 83917
17263 -21478
39722 88125
86559 78997
56711 -17926
-12604 82678
98425 58319
1966 -13784
85981 32522
60253 -14070
6524 -19946
-57905 81400
84950 30902
87381 35021
-86724 79188
1845 -6506
60858 -13151
55227 -19349
33883 89497
60880 -13118
94375 48971
13309 -21032
68253 -496
70725 3887
89099 38901
99702 70449
-50942 80840
56020 83879
71570 80420
1230 -5182
-8839 83548
98941 59610
54823 -19686
59296 -15358
100127 67178
89282 78622
29776 -23878
45950 86964
99613 71344
-61612 82145
100210 67512
-14791 82342
79118 79759
86797 33965
-19828 81542
83797 28314
80378 23513
90480 41841
95842 52645
-43105 80172
16199 -21293
1852 -6539
1476 -5677
-63228 82344
60495 -13687
70397 3197
83540 79198
70007 80628
23584 -23085
51796 85059
-71267 82584
1674 -12171
73585 11533
79928 22970
48614 -22806
72135 7973
50926 85366
-24327 80813
87977 36193
91091 78317
8898 -19816
-48291 80537
99962 64624
99775 70288
8223 -19426
1444 -8888
90111 78488
1639 -11828
55171 84137
80749 79549
-66034 82516
24397 90722
14956 -21169
1592 -11134
7366 -19732
93248 77703
-66237 82533
68799 303
6684 -19942
-21158 81358
46769 86731
91261 43536
96312 53662
100097 66737
52969 84700
63319 -8922
3867 -17847
54097 84402
95284 76365
84075 28941
8262 -19434
63940 -7918
91105 43194
96219 75404
-67829 82612
99601 70990
82749 26321
56160 -18527
83639 79185
97644 56786
63180 -9153
93081 77762
1080 87105
-81926 80346
91413 78225
81115 24287
-11896 82820
94681 76810
73396 11094
53760 -20444
4357 -18655
35536 -25536
44078 -24735
401 -3153
16162 -21287
77187 19598
-67269 82595
47111 86622
83836 79161
8416 89250
7059 88936
85374 31593
56652 -17991
85047 31077
37451 -25651
87077 78953
41371 88004
48960 85989
82442 25870
-700 86444
62251 82314
48691 -22764
65390 -5694
587 -3718
1477 -10163
1685 -12282
44484 87468
-65171 82450
-79946 80894
43880 -24775
61532 -11904
5909 -19973
90725 78403
32728 89674
-70156 82574
55154 -19413
69599 1475
-22560 81135
27204 -23490
96319 75295
34308 -25163
99598 62839
1166 -5034
59128 -15570
99620 62949
273 -2841
1456 -5636
94510 76959
16541 -21345
78578 21406
31294 89917
57378 83519
73649 80266
26934 -23478
-10612 83073
42504 87896
14672 90475
12872 90194
67586 -1604
99632 70580
95780 52497
-63986 82403
45854 86988
-68376 82616
1566 -7882
61745 -11511
100315 67936
63509 -8617
13430 -21047
23539 -23080
45164 87211
-71477 82575
100068 69857
11290 -20707
99813 63609
61881 -11241
72303 80353
85404 31634
72253 8301
16557 90803
88889 78696
98202 57947
-83237 79970
100095 66761
85640 31969
-38070 79653
46235 86885
-85721 79390
93519 47531
1807 -6980
70175 2775
3641 87989
95034 50426
94085 77290
9864 -20377
100144 67237
15029 -21176
1545 -5809
43646 87677
96657 74865
-51826 80899
33085 -24746
4694 -19109
7699 -19415
51259 85248
69075 650
-42150 80117
14373 -21123
3842 -17787
78374 21130
94462 49149
100446 68439
59948 -14589
89132 38987
56399 -18286
-6297 84356
72960 9980
99192 60620
33061 89620
68203 80988
-46858 80390
2821 -15406
-26136 80442
76854 19093
43588 87690
95694 76048
48330 -22959
76285 18155
44581 -24605
72175 8082
100457 69000
11917 -20810
18314 -21808
4850 -19229
5363 -19618
-15836 82181
62364 -10434
39723 -25394
85834 32285
63867 -8026
94199 48591
-60173 81838
41994 -25111
45 -1001
16419 90781
1611 -11308
67939 -981
7175 -19866
-91183 78677
-14937 82321
6625 88833
-80000 80877
-54936 81111
87695 78899
100045 65358
-35679 79567
37217 88708
99597 70643
21321 91024
-63352 82353
99813 70224
24952 -23361
-26626 80339
33007 -24723
92056 78036
96574 54346
51305 85231
10454 -20532
51730 -21524
3772 -17627
-54253 81066
86188 32859
1657 -12003
979 -4561
75184 15627
88915 38374
98346 73408
61079 82606
-7 -510
87443 78920
22444 90934
2012 -13927
94618 76865
-4871 84864
-44635 80254
85863 32332
55081 -19472
1670 -7425
1645 -7580
-28633 80113
70194 2811
80411 23554
23934 -23151
68028 81046
86698 78983
42 -1932
5418 88508
-90447 78792
89786 78543
85218 79067
-52078 80915
-72343 82505
-41116 80000
31654 -24262
41875 -25117
6403 -19982
10648 -20572
100094 66908
88537 37366
84712 79100
21667 -22828
51068 85317
95790 75943
21885 -22861
-31521 79793
63717 -8273
37958 -25622
88264 36804
-44856 80264
94856 76638
93313 47243
82095 25407
96425 75171
55767 -18902
84962 79077
93762 77478
16978 -21429
99304 72112
95094 76476
1769 -12764
-22176 81211
89699 40312
8 -186
80483 23637
98746 72954
-47952 80497
72913 9863
98549 73188
98307 73444
20236 91058
63674 -8341
26699 -23481
-66987 82580
91805 78108
70993 4575
100220 67593
98631 73088
-47544 80449
71005 80468
97984 73762
42611 -25063
16349 -21310
100112 66577
89312 78614
54319 84346
72916 80322
1030 -4712
97623 56745
42082 87956
29815 90126
79820 22846
37235 -25643
35 -1149
62022 -10993
-77186 81725
-33030 79642
100084 65717
49179 85926
9 -1380
4625 -19012
-7068 84104
91506 44044
1473 -10457
-80899 80594
25923 -23466
-57823 81387
5092 -19384
83158 27052
85343 79067
9834 -20369
54779 84239
50142 85638
-9480 83353
48914 86004
-21311 81340
39914 -25357
99615 71250
-51663 80885
78090 20777
5977 -19996
2495 87612
98067 57687
-71123 82588
90313 78461
99799 70241
-24951 80702
-43183 80174
92547 77906
31156 89942
-79070 81152
36541 -25622
5327 -19579
-11183 82957
97815 73916
22826 -22982
98713 72992
94598 49447
87604 78907
76683 18814
750 86966
88820 38088
63282 -8989
100094 66869
98389 58252
86689 33778
92793 77838
38 -1133
71895 7292
88814 78709
18039 -21699
60557 -13595
36923 -25635
6117 88703
16274 -21304
1632 -7640
58983 83050
95632 76110
9429 -20209
81771 79434
97004 55335
32115 89775
89678 40268
2949 -15668
14335 -21119
5126 -19405
65252 -5900
81355 24520
40148 88073
13946 -21090
91965 78064
100418 69302
25668 -23440
-75080 82141
100159 67299
-38882 79717
39795 -25379
71126 4954
98500 73246
-73011 82432
97174 74457
-23032 81043
5038 -19343
1631 -11554
1551 -7915
92208 45536
12076 90043
96985 55290
99982 64777
97703 56908
100427 69273
1577 -7845
-75712 82035
98583 73149
50342 -22023
89206 39167
78829 79807
22329 -22927
931 -4446
12943 90206
-17310 81920
-43339 80181
1451 -8738
26678 90480
49836 -22210
75642 16921
-59964 81787
70804 4068
32018 -24376
56221 -18464
-91847 78580
37533 -25650
85230 31383
73260 80304
11837 -20789
-63167 82341
2707 87683
1404 -9208
100431 68298
92848 77825
15873 90677
-77307 81691
31362 89904
33396 89576
99877 64038
655 -3892
-73976 82319
-79786 80944
1650 -5996
1456 -8782
99864 70144
61570 -11831
100346 68010
78611 21452
6152 -20028
-71052 82587
1475 -10496
75726 17094
19034 -22094
59771 -14838
-33675 79604
42080 -25108
21990 90980
1463 -8266
-58451 81484
54232 -20116
25880 -23462
1828 -6915
40364 -25260
14485 -21132
99172 72374
100458 68793
96164 53311
1461 -8300
9646 -20301
1604 -7727
1454 -8370
1602 -7744
93909 77401
73316 80302
4154 88145
7631 -19428
17337 90912
100441 68402
95579 51969
65515 -5470
46140 86912
-23112 81030
89657 78563
99654 70535
76102 80078
33461 -24859
23412 -23058
70726 80507
72022 7663
58879 -15847
24693 -23313
-49375 80669
50420 -21996
20717 -22626
43393 -24892
22140 90966
95492 51722
83394 27484
36186 89011
67748 -1315
68485 -121
35495 -25533
7642 -19425
26373 -23484
-1868 86029
57843 83372
1633 -11783
88738 37849
94150 48497
10346 -20517
99562 71543
47981 86313
4146 -18359
4029 -18146
98619 58737
1549 -10891
99027 59961
89441 39784
89022 78673
88079 36399
2800 -15364
12507 90125
-9691 83301
4039 -18168
73432 80292
-7499 83979
90695 78409
1801 -6998
71043 4714
24432 -23248
5149 -19417
-28859 80099
73640 11655
-17227 81938
82536 79345
46436 -23930
88313 36911
14296 -21117
89951 78513
-58528 81497
88091 78862
-14645 82364
-3822 85247
95675 76070
58206 83260
100094 69812
39242 -25483
10367 89674
7431 -19647
94686 49618
-14033 82441
92821 77833
10221 89641
70230 2884
36509 88914
52903 -20922
46357 -23963
65800 -4954
62196 -10719
100456 68773
61360 -12232
90655 42233
36709 -25626
95510 51771
-38391 79678
-57174 81288
13 -331
-72567 82480
84766 30553
99592 70661
69392 80713
52859 84738
86042 32619
100264 67782
93271 77695
83025 26808
8881 -19806
100184 67396
39905 88102
34165 -25104
95801 52547
12765 -20944
48438 -22901
69334 992
50581 -21950
2635 87660
67909 -1030
-60641 81942
3 -22
17264 90904
69336 80724
99907 70060
33587 -24899
51067 -21787
-61297 82083
95177 76429
70013 2434
68312 -403
43922 -24768
98327 73425
7344 -19760
1766 -7073
77534 20079
54663 84268
92980 77793
44545 -24620
71145 5003
40709 88029
100115 66140
76047 17714
-88270 79018
5991 -19998
4825 -19210
-30509 79889
5274 -19519
483 -3406
71236 5251
86278 79029
81234 24404
-2611 85722
93057 46858
6260 -20018
62942 -9515
-54509 81081
-71336 82582
-82282 80251
59320 -15329
137 -2444
97447 56373
30901 -24056
33677 89534
52404 -21191
35909 -25591
30090 90088
19501 -22267
-16670 82041
84744 30508
49641 -22289
88720 37800
18774 -21986
68425 -214
82179 79384
45995 -24094
82826 79310
4879 -19242
99186 72351
1546 87288
-57420 81324
27883 90385
78542 21360
3390 -16813
65546 81653
-53337 80986
5061 -19357
60683 -13404
28520 90306
25127 90652
62982 -9451
81 -2238
1781 -7043
99270 72180
3705 88010
92772 46393
8374 -19477
-71976 82542
71118 80458
91600 44251
-4273 85078
97521 74183
40893 88021
61316 -12335
11 -146
72845 9697
57072 -17551
45213 87192
26794 -23478
10146 89624
71109 4904
88485 37269
60962 -12997
-772 86418
-23 -588
38669 -25533
57967 -16712
71532 6286
6189 88722
3607 -17289
64006 -7807
18698 91019
74509 14015
85856 79057
1473 -10438
56282 -18403
39966 88095
1508 -9838
99587 62765
34127 -25091
87281 78938
-32312 79719
99576 62693
-87004 79145
244 -2761
61128 -12693
31480 -24211
27025 -23483
84407 79130
1452 -9533
73760 11970
74635 80124
15771 -21229
76753 18927
96075 75576
81061 79513
1855 -6794
48108 -23076
90758 78396
91580 44208
1816 -13020
-25104 80671
97457 74234
86381 79020
5240 -19482
93707 47811
88496 78784
31436 -24198
1854 -6554
63779 -8169
91731 44556
100243 67705
20501 -22577
38181 -25591
61181 -12612
84162 29138
73472 11282
3030 -15945
85692 79057
16777 -21389
38047 -25613
-46159 80345
1501 -9876
-22096 81226
86012 32571
94921 76588
88148 78853
99279 61200
4133 -18340
839 -4281
3996 -18084
22584 -22958
100101 66668
1828 -13109
88605 37513
12 -1438
55386 84065
29911 -23905
1865 -6712
68376 80938
526 -3559
7840 89125
74622 14298
57687 83424
30321 -23962
1425 -8995
100095 66783
99590 70780
53369 84586
-89283 78919
1872 -13384
59272 -15386
94796 76694
48402 -22919
40677 -25211
46951 -23680
2411 -14728
89497 39914
72478 8885
76673 80039
-49584 80699
61801 -11410
99364 61597
88880 38282
69277 912
98459 58387
87812 35831
99212 60714
96482 54109
17192 90894
89783 40483
-69943 82585
99995 64946
361 -3059
93909 48092
97931 57389
74771 14623
1414 87238
57282 -17342
99354 72013
25846 90553
99934 70029
1486 -8133
80070 23144
92027 78045
77777 79925
-53418 80993
-34004 79597
-16285 82106
65364 -5737
31524 -24224
76616 80043
100453 68579
-56609 81232
90495 41878
21369 -22770
11004 -20659
-23 -629
13712 -21072
41606 87991
72436 8779
73166 10502
5671 -19865
51604 -21578
9112 -20013
71269 5351
100360 69428
99605 62876
36698 88857
2212 87528
4482 -18826
98051 73696
100456 68965
1403 -9157
-2309 85844
98996 59828
60092 -14347
86094 79052
94399 49018
20323 -22530
71794 80402
99662 70518
48638 86093
-5166 84750
95475 51676
-48426 80554
2906 -15561
40273 88060
-84415 79644
100108 67045
70766 3978
70065 80619
2835 -15428
4712 -19133
352 -3037
90258 41382
13113 -21005
1608 -7710
92877 46558
26599 90485
30277 -23957
15561 -21208
68128 -686
98305 58113
-88030 79033
99872 64006
94467 76997
5259 -19500
-4425 85025
-84301 79670
-31294 79816
7652 -19423
84670 79106
-24 -669
-43877 80212
14257 -21114
11039 -20666
72418 80343
99706 70436
68676 137
35520 89170
99856 70164
-31369 79808
61476 -12005
5383 -19640
70838 4156
-3136 85513
96837 54992
82186 25531
92590 77890
69936 2240
3431 -16900
89956 40798
95280 51151
86610 33629
9498 -20241
4307 -18595
2997 -15815
81438 79472
73714 11843
40918 -25181
72892 9808
65695 -5148
1757 -12684
93546 47572
-79237 81103
1875 87412
11073 -20672
64453 -7043
5104 -19393
91470 43968
9714 89521
58311 83233
46092 86927
30488 90037
30454 -23978
4029 88108
50065 -22121
62101 -10873
-61488 82119
84642 30269
12296 -20876
15092 90538
29731 -23869
1348 87211
41312 88007
100345 69449
62468 -10238
-17065 81972
-69584 82598
42121 -25104
7410 -19676
35181 -25476
15805 -21236
735 -4078
83227 27177
80901 79530
98180 57912
7723 -19414
71550 6337
825 -4257
1615 -11329
8948 -19856
-74345 82253
84316 79139
57530 -17107
91674 78146
-74491 82229
69853 2034
44161 87558
80034 23099
88512 37319
89081 38854
-51339 80864
3966 88087
49747 85765
7965 -19411
99592 70705
1474 -10402
68950 80790
43640 -24829
77957 79906
99988 64860
-58762 81539
90102 41062
38366 -25568
3901 -17909
1460 -8319
81970 25241
1984 -13840
57872 -16798
1444 -8905
95983 75697
19794 91058
-76437 81900
68666 80862
8441 -19510
2280 -14499
89251 78627
45586 -24245
-33512 79611
-50626 80817
1750 -12658
-30820 79862
75376 16247
6638 -19942
6386 -19989
72585 80335
51163 85284
42808 87839
-72717 82468
1795 -6329
86240 79033
84224 79144
99366 71991
-88210 79022
86627 78989
7597 -19454
94421 49063
2122 -14182
11709 89973
44158 -24721
27 -1677
26842 -23477
5608 -19822
1524 -9802
4973 -19299
46752 -23782
5278 88469
51694 85092
91124 78310
-77005 81771
62 -2117
99593 70697
-78544 81311
49124 -22530
84229 29292
2492 -14881
36 -1829
98695 73011
-46510 80368
8201 -19423
61260 -12461
50380 -22009
54604 84282
98833 72856
7446 -19625
3558 -17169
88772 37946
90858 78370
95913 75784
94619 49490
99914 64289
-62116 82235
52008 -21395
1487 -10070
100435 69248
80794 23972
74951 15008
78769 79814
42868 87826
95615 52068
20675 -22616
4346 -18640
90295 41463
97765 57028
1822 -6930
98326 58149
43048 -24982
-39454 79783
78457 79857
55800 83935
69744 1790
1662 -12069
98837 59277
59255 82991
194 -2639
64115 -7612
87013 34368
1566 -5850
40638 -25218
-5458 84642
49203 -22489
1844 -6490
63485 -8653
98029 57615
78716 21584
27 -1702
99593 70686
61687 82452
49523 -22335
44381 87499
72040 7715
100119 66536
73692 11782
73665 11719
56456 -18223
99866 70138
98241 58015
11108 -20679
57670 -16980
61051 -12836
40322 -25268
1499 -9902
6808 -19939
26368 90503
72003 7613
88638 78753
91699 44468
1605 -11250
28865 90259
89015 38668
776 -4165
12573 -20909
67498 81213
-9898 83245
1713 -7224
89893 40683
59746 -14869
-14188 82424
-34892 79584
46722 86744
-23417 80973
21465 91018
-65431 82464
30231 -23952
99888 70093
51352 85215
-39935 79840
65071 -6137
99584 70837
12145 -20854
73531 11408
1788 -7027
14883 90506
7781 -19409
25626 -23434
1130 -4944
9268 -20120
100060 65487
88965 38520
-1 -851
13511 -21055
26239 -23482
-53501 81004
-25253 80640
100063 69869
1936 -13664
40157 -25305
-48696 80583
58196 -16509
-2911 85601
74305 13467
75872 17373
11594 -20741
1537 -9769
3691 -17470
42565 87885
-26903 80291
1475 -10250
-40104 79864
61114 -12722
18858 -22024
90276 41423
-62680 82300
98864 59350
29820 -23887
23872 90771
87687 35585
-45520 80304
77024 19353
4182 -18420
99241 60930
91772 78117
39786 88118
62214 -10688
94214 77200
-51911 80904
-30200 79925
8475 -19529
57493 -17137
-20695 81426
99048 60052
71443 5972
97296 74367
60663 82703
70648 3717
-67477 82606
2193 -14316
12413 -20889
71181 5102
-81728 80398
15877 -21245
15290 -21192
90529 41950
84355 29591
87584 35402
1265 -5267
48577 -22825
1653 -7543
1566 -10984
-10181 83172
10821 -20615
92199 78001
8 -113
47286 -23494
2858 -15473
4247 -18509
143 -2465
69765 1829
74951 80102
97712 74002
-82182 80282
17999 -21681
98762 72934
3265 -16556
-78784 81237
-91675 78604
76389 80064
100451 68561
60161 -14221
35743 -25568
1439 -8475
19750 -22351
1146 87133
75086 15344
4333 -18625
96779 74758
-19590 81570
298 -2920
88788 37994
-81877 80359
61196 82575
7 -441
-47200 80415
99869 70133
1496 -9933
-68590 82617
89539 40004
71959 80386
54834 84223
96936 74627
54710 -19775
-41754 80076
69922 2198
-628 86470
-68733 82616
-32793 79670
37350 88671
74189 80181
100252 67741
98823 59238
-81421 80466
35928 89077
97319 74348
7910 89143
56540 -18127
23650 90797
-63855 82395
26978 -23481
58466 83191
100032 65254
74099 12907
-24638 80764
52065 84968
18056 90966
77789 20406
1663 -12046
23330 -23041
-89657 78877
1406 -9263
39687 -25401
-23 -617
-29307 80047
5 -36
93509 77590
61315 82545
90141 41140
-3897 85219
-8352 83717
-42865 80159
2935 -15626
53721 -20466
46526 86804
-88640 78989
83887 79155
4607 -18982
53714 84501
-17969 81795
97337 56133
56936 -17689
71360 5654
99599 71435
99747 70373
-34811 79587
88063 78866
97657 74054
48460 86149
83738 79171
2007 87460
37367 -25651
99172 60526
41795 -25121
95596 52019
-68036 82610
-84242 79682
2516 -14924
89401 39698
48549 86120
100455 69107
7940 -19409
97364 74309
47815 86374
52802 84757
614 -3792
55664 -18988
100273 67803
-3512 85368
-2536 85753
87953 36142
1486 -10087
-62866 82315
-76372 81916
48773 86050
39162 88227
49797 -22225
908 -4398
-20618 81437
86161 32811
9006 89372
61551 -11867
84546 30023
70976 4529
1212 87160
63612 -8445
98600 73128
157 -2510
27573 -23514
48 -1987
-69439 82602
96982 74592
51114 85299
7514 -19528
30422 90045
-40186 79874
89884 78523
14 -361
1579 -5870
93661 77521
48885 -22653
8628 -19625
11 -171
13088 90226
80636 23808
94164 77237
98367 58216
41075 88017
76332 80067
86868 34100
-45663 80314
58930 83061
65416 -5652
48239 86224
61494 -11971
84862 30728
5789 -19925
83689 79177
91297 43604
-68517 82619
13303 90258
16465 -21328
1635 -7622
71645 6604
-11612 82878
12882 -20963
63446 -8723
-8701 83593
-10470 83104
-63921 82399
31349 -24170
82767 79316
6369 -19994
98567 73167
-73084 82426
1448 -8872
5775 -19919
38320 -25572
97003 74573
99480 71756
3419 -16880
5173 -19433
-41441 80037
8522 -19558
31699 -24273
50941 -21831
86132 32764
97900 57311
68088 81025
12650 -20922
96510 75048
-62246 82252
1473 -10381
84081 79146
76442 18427
37888 88526
17880 -21638
79632 79703
35861 89093
52483 -21151
22948 -22994
9785 89537
1438 -8948
41907 87974
29210 90213
84699 30414
-78725 81253
94283 77144
-1282 86244
86416 79016
99846 63813
-17641 81858
71331 5550
99595 70652
881 -4351
-43723 80203
84973 30946
87822 78889
-40528 79922
74351 13592
90595 42095
-54424 81077
71218 5200
54671 -19805
1489 -8114
-75977 81991
5204 -19452
1506 -9851
1624 -11452
75358 16191
72550 9047
16055 -21270
99248 60997
-1430 86195
7505 -19538
48326 86191
93297 77686
86662 78986
35033 -25436
222 -2708
-29971 79955
-4498 85000
79686 79696
17915 90956
1861 -6599
35824 -25579
84585 30120
53312 84601
56343 -18344
96406 53912
64501 -6962
-70633 82576
68608 80876
90832 42653
34019 89475
25710 -23446
2964 -15709
-61170 82057
96128 75507
46833 -23742
-58605 81511
99628 70587
1405 -9246
67638 -1509
49874 -22193
-73606 82371
72330 8515
-62805 82310
80124 79636
93173 47031
16281 90758
82559 26034
46989 -23660
-89534 78890
64913 -6339
5431 -19693
75343 16135
6852 -19930
31840 -24314
95368 76314
53425 84574
85516 79061
43436 -24878
86869 78971
77981 20640
100370 69417
1500 -5718
-72792 82460
1777 -12820
-43802 80207
12033 -20836
10 -1326
26013 -23474
74719 14516
14776 -21158
63173 82098
-14864 82332
-40779 79954
39198 -25485
56240 83822
87736 35680
-63110 82336
20383 91055
1509 -10668
37013 -25633
85004 79074
100453 68901
1513 -5743
32 -934
96581 74952
25179 -23386
45115 87228
12804 -20951
71093 4855
77826 20453
-21079 81367
5468 -19723
5212 -19460
6125 -20025
90927 42843
20240 -22509
1416 -9047
12069 -20841
1442 -9500
82910 26602
85432 31674
-81574 80432
40086 88079
-46580 80373
5820 -19940
44272 -24695
33536 89555
-50318 80784
38159 88458
54264 84360
95192 50902
-55785 81163
1433 -5592
1493 -10610
99883 64102
92589 46112
55483 -19134
98017 73729
2231 -14398
97520 56534
24072 -23175
93558 77565
82002 79402
96271 53564
22458 -22945
100121 66497
55301 -19290
99501 62216
-80953 80580
91872 44895
92616 46152
8698 -19675
38137 -25601
1485 -9657
-3437 85398
-25990 80473
84452 79125
52009 84986
-79458 81040
98852 59313
87009 78959
3302 -16650
59814 82885
25416 90610
56404 83775
12 -296
21973 -22872
85021 31031
15913 -21250
72868 9752
-81676 80410
41479 -25133
24862 -23348
100406 68174
90082 41021
14815 90496
-59384 81663
58050 83306
71966 7507
-26348 80395
66510 81453
100297 69505
-83182 79987
4724 -19145
-59000 81585
1754 -6214
80849 79537
61099 -12749
92562 46070
99920 64319
15394 -21197
45 -1030
76219 80072
66776 -3084
99805 70232
95898 75803
61425 -12102
1632 -11761
88998 38620
29164 -23779
1536 -9748
20030 -22454
92422 45866
81274 24441
42379 87917
100117 69776
100085 65738
4112 -18300
-86892 79161
48283 86209
7462 -19601
20453 91052
55732 -18929
99592 70792
91739 78127
24763 90689
78303 21045
-74199 82280
99014 59896
1438 -8653
33547 -24887
95159 50804
6050 -20009
16126 -21283
75495 16586
85463 31716
-62050 82223
99057 72556
39112 -25494
98744 59043
-22954 81057
69281 80733
-59604 81708
14243 90408
71930 7401
-67690 82612
73917 12412
34 -946
84661 30319
87110 34540
31973 -24362
1446 -9512
67619 81178
-89221 78925
99751 70365
99590 70724
-15608 82214
99613 71231
49006 85977
1495 -9964
77375 79962
90328 41543
60639 -13468
-32393 79712
34894 -25388
33128 89612
9893 -20389
63137 -9218
64657 -6710
91892 44940
23946 90764
-13414 82527
1622 -11432
-70501 82571
88790 78717
66447 81468
71842 7132
-53003 80964
3233 -16486
1316 -5378
49950 -22164
50982 -21816
11 -1290
-78666 81271
97199 74440
47857 86360
-9827 83264
39031 88252
74576 14186
7527 -19511
12434 90113
97427 56334
-39046 79736
54899 -19625
86486 79005
99831 70195
45412 87120
70892 80483
92449 45910
64854 -6421
95438 51578
1630 -11677
90602 78428
-37204 79590
99348 61524
100110 67064
-42228 80124
64040 81950
-54679 81092
75544 80091
97949 73799
6622 -19942
38090 -25606
-14265 82413
7521 -19519
96634 54528
3112 -16184
83750 28211
68832 343
65566 -5380
68547 -35
1415 -9386
19349 91051
22415 -22938
6338 -20004
21842 -22857
41234 -25151
-49308 80656
94797 49848
21539 91013
60537 -13626
45026 -24428
72195 8137
69894 80645
6822 -19936
77359 19838
98485 73262
71316 5498
74899 80104
1482 -9642
1463 -9579
61230 -12520
99145 72418
3936 -17973
89135 78651
43291 87750
49366 -22408
80274 23391
88235 78838
49993 85693
100116 66272
29399 -23815
58966 -15759
11561 89938
98592 58664
-24793 80736
66349 -3941
6 86690
-91905 78571
100132 69750
-87391 79092
8270 89218
-27254 80246
-4795 84892
60326 -13954
8346 -19462
62326 -10499
2600 -15052
1537 -10824
-62307 82263
6 -82
93200 77721
-8980 83500
20806 -22641
78128 20825
60706 -13372
58668 -16058
56676 83699
66675 -3312
71822 7078
57531 83471
75168 15569
39474 -25444
38412 -25563
99610 71132
63730 81990
52516 84842
-49033 80614
99928 64376
64884 -6379
5962 -19991
90162 41180
98524 58524
84622 30220
7291 -19804
7700 89093
87947 78881
79292 79737
88687 78740
98814 72876
91047 43078
70290 2999
67853 81102
99250 72226
3827 -17741
99519 62348
2308 -14548
32464 -24550
99611 71152
64596 81855
28449 90315
100316 69489
29447 -23821
89220 39213
62964 -9485
99614 71289
99587 70825
15734 -21224
95068 50521
78750 21626
1716 -12471
1621 -11390
-43263 80179
411 -3178
4645 -19042
69554 80687
-202 86620
7711 -19413
72502 8940
58568 83164
1517 -10710
84919 79079
11755 -20772
1737 -7138
99094 60243
63801 -8135
1944 -13694
54117 -20197
5552 -19780
17386 -21501
8332 -19456
87476 78917
41964 87967
99893 64166
1474 -10306
99379 71970
90382 78455
9 -427
88764 78722
-64558 82428
99647 70556
69447 80703
75962 17547
42249 -25097
92106 45363
59397 -15246
10735 89758
19461 -22252
86483 33380
99685 70479
56 -2038
23625 -23093
16580 -21350
1508 -9713
36 -1855
50779 -21887
-74713 82193
23801 -23127
100358 68045
-83946 79761
66321 -3993
-26064 80456
-57582 81349
-46789 80385
20761 -22634
43759 -24800
65225 -5938
65929 -4700
88931 38424
-71550 82571
25775 90560
43170 87774
100095 65836
50463 -21985
-24403 80803
62636 -9955
70119 2663
-3746 85279
11263 89868
85553 31843
19496 91054
84295 29439
90611 42132
96675 74845
76102 17825
68145 81005
67437 81232
43762 87651
3497 -17047
3582 -17228
78927 21834
97581 56664
64288 81916
49365 85876
100102 69800
2617 -15075
6866 -19927
59755 82897
7605 -19448
38362 88412
74024 80208
3467 -16986
51023 85331
26558 -23481
1675 87340
99609 71095
7124 -19878
39541 88155
83389 79222
91155 78300
66265 -4096
46791 -23762
96638 74888
1728 -6151
3769 88030
94139 77252
-56119 81192
5555 88545
77154 19551
87260 34794
78820 21712
96461 75124
-50472 80802
80754 23930
1239 -5202
73032 10154
63381 -8825
75201 15684
13952 90360
21582 -22812
48540 -22846
92640 46191
97598 74109
20163 91058
15180 -21188
86663 33729
94775 49800
29071 -23762
30821 89989
96963 55248
99731 63315
95854 75860
99528 71648
-76108 81967
1424 -9011
3750 -17585
52088 -21356
7040 -19897
47353 86536
48218 -23019
37573 -25652
71984 7561
29954 90107
96331 53711
-70435 82573
59589 -15047
-81625 80422
-39774 79820
4683 -19096
96141 75488
68192 -592
44826 87349
5481 -19734
82346 25740
47544 86474
78891 21793
86989 34323
-27895 80173
90240 41342
1579 -11048
66256 81506
1536 -9776
-51100 80851
-6858 84172
77391 19887
-21389 81332
3411 -16857
44272 87529
30047 -23928
70462 3310
3365 -16770
2710 -15211
72678 9318
100116 66228
43962 -24762
32427 -24534
20455 -22565
11144 -20684
95996 75680
59201 -15474
73807 12095
-16210 82119
99281 72158
61937 82391
70343 80577
84375 29640
63609 82011
72748 80326
78020 79899
85289 31467
74794 80109
6419 -19977
8916 -19829
9385 -20188
6840 88883
90040 40946
59424 -15217
-84647 79594
88175 78849
-41198 80008
27714 -23531
76718 18870
-77127 81741
50501 -21973
-41992 80100
100048 65383
-45734 80320
57319 -17305
6715 -19946
32388 -24520
-34166 79595
1483 -10100
-52754 80949
-12106 82782
41194 -25152
89827 40564
-31445 79801
32 -1775
162 -2532
66410 -3837
72244 80361
-33759 79601
17 -1526
37146 -25640
67006 -2631
89032 38713
5081 -19376
13191 -21016
2567 87637
53840 -20392
93319 77678
99320 61416
-414 86546
100116 66249
23758 -23117
-28336 80133
95340 76331
30955 89972
2764 -15304
1513 -9717
1587 -7813
55592 83993
100258 67760
99200 60650
43705 87664
10516 89710
74 86715
97979 57503
36445 88933
-84820 79562
4553 -18918
99156 60463
13827 -21086
100111 66033
-5531 84616
99284 61232
61784 -11445
100452 68510
41522 -25132
61021 82620
-88833 78969
-88898 78962
94049 48313
83821 28366
99867 63974
-68873 82615
100455 68737
86168 79043
55045 -19504
49699 85779
97601 56706
92037 45238
71233 80447
7353 -19751
36635 88875
93399 47367
4872 88355
2458 -14816
-23572 80944
59088 83027
89333 39529
18648 -21935
3794 -17672
6509 -19947
-53912 81043
17 -1546
-9623 83316
62433 -10305
-31755 79770
52233 84922
79001 79778
58879 83076
68339 -356
94837 76658
90545 41987
6046 88682
90368 41619
60597 -13532
63671 81999
85174 31294
59793 -14807
853 -4305
4597 -18969
-60836 81983
100383 69390
53564 -20562
-37364 79599
77432 79957
44877 -24489
-28410 80127
92826 46475
9190 -20072
-46718 80381
94557 49361
44507 -24633
76560 80051
87158 34626
5019 -19330
8168 -19422
58164 -16535
-86499 79230
72800 9590
-19988 81522
7881 -19407
99591 70894
100444 69200
3622 -17330
96816 74729
80106 23185
35106 -25459
-69656 82598
13017 90217
89469 78589
72599 9157
-30978 79848
99739 70383
44688 -24564
1773 -12792
98104 57762
34022 -25050
11327 -20710
99438 71857
47581 -23342
85121 31208
-14494 82386
53072 -20831
6906 -19919
87508 78914
85613 31927
100447 69171
63361 82058
-15085 82299
100063 65534
99679 63149
32392 89728
55278 84102
100037 69901
67398 -1936
98696 58927
31703 89841
99521 71665
91852 44854
60546 82726
21286 -22750
4441 -18767
98221 57982
33046 -24733
97663 56827
-20145 81499
-7786 83897
3377 -16792
-82742 80108
-62180 82243
-70911 82586
10761 -20602
10112 -20464
76502 80056
83228 79250
3247 87865
32892 -24691
-78606 81290
2504 -14903
6022 -20002
81168 79500
38498 88380
-73830 82341
1447 -8709
-10324 83137
20018 91058
-80321 80766
69870 2075
52362 -21211
59929 -14619
15325 -21194
-1792 86055
93958 77372
1928 -13632
1663 -6020
18525 -21884
68062 -783
6064 -20011
77289 19743
-73903 82330
71949 7455
-66371 82546
57805 -16860
-65107 82448
1628 -11658
-38966 79727
100457 69077
96794 54908
71626 80415
-64050 82408
77836 79919
87634 78904
58636 -16090
49447 -22370
-1136 86297
-25699 80538
26196 -23484
97693 74020
91227 43465
14741 -21154
1793 -7012
62233 -10658
1654 -7523
-10397 83123
7469 -19591
20282 -22519
46479 86818
-19 -706
83175 79258
100251 69558
74899 14897
100214 67532
-26972 80282
-76630 81861
99864 63942
44107 87570
-59823 81754
51234 -21726
56457 83759
94859 49993
98256 73497
94355 48925
813 -4236
100141 69735
75708 80090
96833 74711
-61550 82133
97149 74475
-12178 82768
-39855 79830
75784 17206
9857 89552
-65298 82457
99270 61165
17481 90926
59967 -14559
61016 -12899
51 -2011
70912 4342
32527 89707
3 -865
22151 -22896
27586 90412
96564 74974
74283 13404
99390 61706
-35049 79584
30631 -24009
1764 -12735
90682 42300
-72195 82523
5455 -19716
-40271 79889
-78238 81415
36378 88953
38584 -25543
18075 -21715
66121 -4345
-91123 78688
69222 836
34857 -25375
-61737 82169
76075 17769
7824 -19408
-30743 79869
80800 79541
4122 -18321
76133 17881
-89473 78898
17429 -21508
-85386 79450
20195 -22501
6605 -19943
33711 -24935
17986 90960
-40864 79966
100456 69060
30887 89980
79960 79663
93933 77387
90078 78492
4805 88337
73259 10737
32930 -24701
-14342 82406
28463 -23636
80557 23724
46673 86760
4 -18
49651 85793
80915 24092
-71406 82578
60316 82772
58731 -15998
33671 -24924
89913 40723
66572 81441
33911 -25003
1041 -4734
52119 84952
-37914 79641
85177 79070
-83125 80003
70483 3348
2680 -15165
1504 -8050
7226 -19849
9 -1401
1596 -11173
48768 -22718
-50783 80831
22287 -22920
-45950 80332
85090 79070
78857 21752
-79126 81134
37828 -25636
27438 90421
22867 -22985
99882 70102
75614 16864
31931 -24346
604 -3768
100452 69123
86718 33826
43261 -24927
1476 -8191
84139 29090
61442 -12071
87713 35633
100125 66377
-34565 79590
-30123 79934
4542 88265
64140 -7572
-85608 79408
-74127 82292
-79678 80979
72015 80383
5539 -19774
13230 -21021
74688 80117
40211 88067
29750 90137
22521 90924
43682 -24819
99122 60339
1658 -7504
-11968 82809
69667 80672
80177 23269
-89347 78911
96236 75386
87789 35780
4462 -18798
-56035 81184
1825 -13080
69224 80740
69997 2395
67452 -1840
84179 79143
59050 -15670
25363 -23400
36571 88893
72076 7816
19626 -22307
10480 -20537
32309 -24486
-69153 82607
66886 81376
-26280 80411
8798 -19751
-52419 80931
62616 -9986
-85943 79345
-32152 79733
76378 18318
1407 -9294
100454 68618
8125 89187
28310 90332
100124 69764
4272 -18545
2361 -14640
97785 57070
76790 80027
29071 90231
88861 78702
28931 -23733
99548 71595
93534 77577
100117 66294
1113 -4900
58908 -15818
97722 56949
-69511 82601
4903 -19256
70558 3510
-61675 82159
-53667 81022
83844 28421
62500 -10172
5356 -19608
98711 58966
24021 90756
63823 -8100
91608 78165
69194 799
-38719 79703
19208 -22164
86820 34011
1532 -9740
17843 90950
-27043 80273
96558 54299
-36561 79564
1866 -6680
88665 37656
26420 -23485
62064 82360
8749 -19712
-80268 80783
5220 -19466
-74934 82163
100119 66315
940 -4470
64528 -6921
77316 79969
-10896 83014
40561 -25231
-55869 81170
72350 8568
105 -2332
1628 -11697
1960 -13755
55447 -19166
9697 -20319
94578 49404
100415 68212
64211 -7455
56803 -17826
25 -1193
43130 -24961
-22640 81118
23844 -23136
-16 -730
98760 59083
88583 37463
14458 90441
97676 74036
62062 -10932
94840 49943
3017 -15903
72727 9427
99327 72061
-77561 81617
69612 80679
100121 66477
47356 -23454
97845 57192
99985 64832
41603 -25128
99602 71417
1200 -5120
41036 -25165
8424 -19500
-86441 79243
-48085 80515
52323 -21233
28380 90322
100325 67955
18355 -21821
4937 -19280
20309 91056
99587 71471
88389 37065
92479 45950
71877 7238
72233 8245
99040 72580
95821 52596
1381 -5499
-49100 80623
64354 -7217
60436 -13776
61863 -11274
84030 28838
1015 -4668
-63289 82350
1445 -8694
-6998 84127
5116 -19400
-44033 80225
52402 84876
81848 25074
21625 -22822
95000 50331
85301 79067
19 -1569
-47885 80487
1861 -13324
100075 69845
7009 -19904
33260 89592
72311 8463
93394 77650
98220 73532
-37122 79585
51546 85146
84272 79140
7417 89027
4542 -18906
-2161 85908
1425 -9445
71746 6866
100106 65989
-49443 80678
99230 72268
53029 -20854
61875 82406
-43955 80219
91542 44126
81492 79466
22016 -22878
99164 60496
35260 -25493
57839 -16830
77642 20218
-60443 81897
28232 -23589
99870 70127
5488 88526
27734 90399
1475 -10198
35103 89258
73501 11345
94639 76846
-1209 86271
37324 -25649
-41363 80028
8274 -19439
100398 69359
43840 -24783
56834 -17795
100424 68263
83298 27306
73089 80314
44217 87542
64763 -6544
13376 90269
51109 -21770
100390 69375
5871 -19959
75989 17604
99446 61934
19709 -22335
-36883 79575
-24023 80869
57480 83486
-26208 80425
86433 33286
3566 -17189
37953 88507
24207 -23201
63159 -9186
78268 21000
985 -4585
23669 -23102
100336 69462
70155 2737
67827 -1176
8117 -19417
1606 -11270
993 -4604
82595 79340
52690 84790
62679 82209
78887 79797
37279 -25647
83072 26890
75215 80095
55519 -19104
6212 -20024
98792 59162
69104 689
4452 -18782
99403 71926
100089 69824
100008 65057
50900 -21844
5298 -19546
24299 -23218
16350 90771
59480 -15162
45511 87086
32188 -24435
71737 80406
91244 43500
87357 34973
60796 -13248
86800 78972
89151 39031
-50863 80836
485 86865
81114 79507
98264 58050
-83587 79860
22627 -22963
61162 -12639
64735 -6585
-32713 79678
67968 -929
58620 83150
99602 71042
68783 80829
13001 -20984
47098 -23601
24519 -23271
1534 -9784
96292 53612
7138 -19877
44310 -24684
46428 86833
-11109 82972
56952 83635
3577 87969
97966 73783
54862 -19654
57737 83405
83489 79205
-34486 79593
-23797 80906
11996 -20827
29305 -23801
15802 90666
512 -3509
477 -3379
99008 72624
40773 88027
86835 78970
55695 83963
1436 -8622
98680 58889
79522 22502
53933 84446
-83068 80019
73486 80288
7497 -19548
35702 -25562
98607 58702
-80850 80609
64723 81830
61950 -11114
99994 64916
85923 32427
617 86916
-13958 82451
79115 22039
-18950 81647
212 -2685
7099 -19886
78233 20956
98406 58286
78338 21089
-5604 84591
86359 33144
20850 -22651
-48359 80544
88664 78745
-85329 79462
76991 19303
37491 -25652
1864 -6729
70857 4203
28590 90296
74135 80190
70947 80474
91716 44510
-87337 79100
86072 32669
25993 90537
3975 -18041
6 -210
81876 25115
87791 78893
45105 -24402
83939 28632
1636 -11803
42626 87876
86385 33191
26746 -23479
11411 89902
-86612 79208
94959 50234
95122 76459
89479 39871
-4049 85159
44041 -24743
44325 87515
89047 38763
93737 47850
34486 -25235
89804 40525
96665 54616
17121 90887
100065 65558
81505 24671
56620 83715
24734 -23324
14954 90516
-45880 80331
94710 49662
64915 81787
39835 -25374
3510 -17069
73120 10385
-87116 79130
93822 47970
58446 -16266
-38150 79659
-2986 85571
40957 -25177
86303 33048
23498 -23073
-58921 81568
34290 89422
92798 46433
55263 -19318
-46229 80348
-29895 79969
64556 -6877
-74863 82173
96916 74643
7913 -19407
9210 -20082
95495 76221
1638 -5976
-3975 85187
14669 -21151
-11540 82892
73785 12034
88866 38233
7358 -19741
-8212 83762
100052 65409
61898 -11207
85317 31510
1940 87437
-75780 82024
36835 -25632
-82486 80190
74212 13216
61609 -11759
90768 42512
99392 71946
79857 22886
100457 68831
64823 -6462
87917 78883
94074 48360
98650 58812
1650 -11936
-7138 84081
34417 -25207
-42785 80155
13906 -21089
-62496 82284
67039 -2576
1681 -7366
56064 -18622
6450 -19963
-54083 81055
95042 76505
99881 64071
-13263 82555
70121 80612
3275 -16579
100442 69215
77571 20126
-36400 79560
99176 60556
37415 88653
60259 82786
11553 -20735
20112 -22477
98779 72916
83657 28007
89753 78548
-11325 82930
79448 22417
-82132 80294
75818 80090
67530 -1697
-13 -746
56001 -18690
28509 -23643
33416 -24845
4383 -18687
83868 28473
-22252 81193
27289 90436
82618 26120
578 -3694
96184 75440
99216 60744
-49869 80738
78476 21266
8831 -19774
46914 86688
97174 55720
99854 63879
88970 78680
49563 -22320
-27535 80211
99660 70528
66005 -4551
100236 67671
39437 -25452
-46371 80355
28280 -23597
39847 88111
52290 84907
21913 90984
1480 -10147
7675 -19417
1647 -11893
-91554 78619
77896 79912
-32949 79651
-50395 80793
41549 87995
1449 -8724
63090 -9286
77253 19694
35218 -25484
-85777 79378
1629 -11636
-56692 81238
67369 -1987
35727 89125
-74270 82266
85724 32101
-18867 81658
99620 70605
62798 -9725
68643 93
54079 -20226
99299 61303
38228 -25585
66976 -2685
56732 83687
99768 70318
99220 72290
3338 -16722
100457 69092
2150 -14232
41119 -25160
28188 -23584
50828 85397
8390 -19486
33291 -24808
-79837 80926
66858 -2912
-9339 83391
1495 -8097
1622 -11412
15235 90561
91279 43570
64411 81893
88363 37016
92900 77815
67665 -1459
81431 24594
35375 -25517
52242 -21275
100337 67993
95111 50660
1539 -9762
99990 64887
26142 90524
45712 -24201
58131 -16565
-84127 79711
35035 89272
1403 -9119
77080 79996
14597 -21146
815 86993
65490 -5517
6077 -20017
6695 88850
66034 -4499
76447 80060
79561 22544
79601 22586
91311 43639
88289 36856
19871 -22397
92309 77968
91951 45069
-18293 81739
1 -3
40239 -25286
86510 33429
-16905 82000
74080 80201
11955 -20820
6589 -19944
4396 -18703
90624 42165
551 86890
1834 -6899
56350 83792
45385 -24315
-21 -694
8069 -19414
76160 17935
98451 73299
33247 -24797
88356 78820
88412 37115
-90569 78778
1425 -9457
2469 -14835
14847 -21161
91525 44084
-80428 80733
10427 -20529
99582 71491
100114 67100
-15759 82193
34344 -25177
62040 -10960
95082 50568
44838 -24502
-38554 79690
19251 -22179
12453 -20895
-39291 79764
25318 -23398
100456 68813
96114 75522
56314 -18372
94487 76980
98868 72819
72190 80364
98048 57651
66823 81388
10229 -20493
-86780 79180
73851 12223
1598 -11194
30674 -24017
66437 -3786
68923 460
-56528 81223
98290 73463
69013 577
73542 80281
87308 34881
44682 87404
-13724 82482
46396 -23948
54433 84321
77086 19454
-28484 80121
29481 90174
-51261 80858
1689 -12311
94398 77051
5049 -19349
89405 78599
31259 -24144
703 -4009
74012 12660
59532 82938
86313 79025
98912 59500
24173 90743
90245 78472
-6227 84378
-37519 79609
95863 52691
81195 24365
1474 -10477
-65697 82484
6101 -20022
12924 -20970
41 -975
99966 64655
100014 69931
73189 10560
-2 -481
100010 65083
66599 -3473
6980 -19908
-47336 80426
90122 41101
66546 -3579
451 -3305
8556 -19580
-22330 81179
97028 74557
-82902 80066
-20850 81401
65166 -6015
72393 8673
8591 -19603
26986 90456
5805 -19934
85651 79059
37742 -25643
1804 -6347
12003 90031
13075 -20996
-65233 82455
4961 -19294
5626 88566
27660 90406
99722 63284
50242 85600
79999 23056
-40442 79912
13732 90328
19988 -22439
99071 60146
-78116 81455
57003 -17619
69117 80758
-78900 81203
99719 70416
67970 81063
-56771 81244
30586 -24003
4171 -18401
-59749 81738
98082 73665
89721 78553
95444 76259
5194 -19443
506 -3482
97561 56620
7997 -19410
26330 -23482
35619 -25548
-28190 80145
7532 -19504
64710 -6626
75670 16979
1443 -8425
59145 83014
15 -1503
-68803 82615
-23189 81015
1517 -9721
-72122 82528
63914 81967
82588 26077
4009 -18105
1628 -11594
3139 -16264
-75296 82106
94008 77341
99639 63017
71198 5153
418 86839
72473 80339
60431 82748
-6089 84424
78681 21541
5832 -19946
8156 -19421
78082 79896
89221 78635
23503 90814
100442 68419
64070 -7691
6112 -20024
90814 42617
-18538 81703
70686 3801
92410 77938
95176 50852
-21003 81378
49681 -22273
83094 26928
94943 76570
18769 91023
48964 -22614
90347 41581
63571 -8515
9502 89477
36967 -25633
94112 77272
625 -3819
10791 -20607
3167 -16342
34696 89347
100111 66600
72774 9534
100230 67631
71375 5708
1600 -5913
99766 70329
-48222 80530
85430 79065
59535 -15104
32104 -24406
75291 15966
-62 86669
21839 90992
180 -2596
5011 -19324
1780 -6296
14743 90485
90348 78458
60200 -14162
29589 -23846
557 -3649
99485 62117
57271 83547
-16594 82056
6761 -19946
-1502 86167
9170 -20057
15024 90527
25630 90579
67426 -1888
95906 52785
55592 -19045
67854 -1126
71468 6078
95955 75734
51902 85024
-55700 81157
-18785 81667
3007 -15860
17304 -21484
40482 -25242
100104 65945
7257 -19829
10508 -20542
19419 -22238
91057 78323
88849 38184
-57984 81411
33195 89601
53604 -20540
77256 79979
1475 -10233
12362 90100
60607 82715
54417 -19993
-50550 80810
27 -921
96228 53462
34056 -25063
35382 89198
90922 78354
93788 77464
-45225 80285
7086 -19888
30289 90062
91708 78138
93113 46943
93 -2286
27863 -23545
48036 -23113
-42542 80142
21689 91004
44616 -24591
1328 -5402
21414 -22777
90020 40908
63485 82032
72113 7920
7236 -19841
30364 -23967
31226 89930
12580 90138
62157 -10780
15255 -21191
18413 90996
88028 36297
11877 -20801
7988 -19409
98933 59574
63114 -9251
50593 85480
88713 78732
70560 80535
92926 77808
97752 73966
31746 -24289
83773 28263
-44708 80255
-17725 81842
6573 -19942
15528 -21205
41 -1099
70030 2474
85388 79064
1722 -12498
51276 -21710
86917 34192
35451 89183
90848 42692
1878 -13415
29002 90241
75237 15798
4260 -18528
93285 47203
99694 70460
94698 76789
26 -1634
92900 46600
45464 -24289
-30275 79915
89162 78646
3048 -15989
40405 -25253
2981 87776
97272 55976
1748 -7104
52633 84808
1464 -8285
44731 87386
100239 67689
94754 49753
-64859 82436
70745 3931
22502 -22949
66698 81413
72804 80324
75106 15398
-60971 82011
40838 -25193
78965 21878
98988 59793
-44336 80245
96755 54829
19949 -22424
-77686 81580
10170 -20481
-20225 81491
1629 -11534
34361 89411
7570 -19475
-35998 79559
100452 68545
8865 -19794
12727 90167
73914 80225
18988 -22078
62178 -10750
99611 70620
-21782 81281
1408 -9083
-84762 79573
1498 -10628
83004 79285
79794 79683
99609 71113
63464 -8689
83062 79276
-29160 80065
96462 54061
1490 -9682
87883 78884
88916 78693
60203 82797
42338 -25091
57635 83438
95311 76347
85494 31757
69835 80651
-31834 79764
89252 39305
100087 65757
95722 52356
52575 84825
29954 -23913
99795 70249
21029 91039
92951 46684
-27182 80253
-81163 80525
53366 -20677
95311 51252
23359 90832
1650 -7562
33331 -24818
83274 27263
57167 83578
1645 -11872
21247 91027
93256 47162
87063 34453
50641 85462
16 -899
-52590 80940
48595 86106
100132 67196
5882 -19963
-36642 79568
99896 70077
95258 76381
96034 75627
87636 35494
20745 91045
1533 -9746
69952 2278
8344 89234
100437 68333
37100 -25636
-1573 86141
-75226 82119
28168 90348
57934 -16740
63915 -7954
-35128 79582
-13802 82472
62555 -10078
-21546 81314
3312 87883
5311 -19561
1788 -12878
94540 49320
8032 -19413
16840 90848
100421 68246
58156 83276
53243 -20742
100303 67900
95633 52118
45304 -24341
99990 69962
98491 58457
7270 -19821
1859 -6778
-86388 79252
99479 62082
95202 76415
99024 72602
92336 77961
-86052 79324
40599 -25224
99427 61857
78019 20688
-79623 80994
4101 -18278
58414 -16296
-45002 80269
38002 -25618
9571 -20272
92170 78009
-78485 81332
61812 82420
46381 86846
692 -3987
-31913 79755
88553 78771
26060 -23477
93992 48222
18483 -21868
75162 80096
95127 50707
-84933 79540
62778 -9754
13865 -21088
94755 76729
41846 87977
89976 40833
81943 79411
39548 -25431
24096 90750
1855 -6569
57894 83356
16504 -21337
2076 87480
17799 -21612
43479 -24869
100101 67007
67223 -2248
10372 -20521
71289 80442
76253 18102
-25552 80571
64283 -7340
1435 -8962
50973 85349
-69082 82610
59700 82906
33746 89522
3597 -17268
63853 81974
14103 -21101
1475 -10215
56682 -17957
-76883 81800
60620 -13498
9449 -20218
46818 86716
84009 28789
70287 80589
37686 88575
1731 -7156
52747 84775
96250 53514
85817 79056
49045 -22573
-65765 82489
6435 -19970
18152 -21742
61933 -11144
30947 -24063
57213 -17410
-62371 82270
8491 -19539
22371 -22933
94329 77107
97930 73817
1431 -9481
59588 82929
46315 -23980
4412 88226
6261 88742
99998 69952
88034 78872
69616 1515
42024 87964
82121 79389
97804 57110
-40611 79934
97832 73901
73372 11034
67559 81195
-35363 79574
6747 -19945
100099 65877
69007 80780
88737 78727
53116 -20807
75055 80098
96301 75314
86966 34281
-23342 80987
94290 48780
66293 -4046
-77623 81598
100245 67724
99667 70510
1818 -6378
3011 -15882
96061 75591
-9269 83412
13877 90349
89192 78640
94305 77127
72641 80330
882 87018
89743 40400
88802 38042
99233 60868
28837 -23711
65195 -5976
100093 66889
45914 -24123
64477 -7003
-29602 80014
18947 -22059
-43417 80185
8248 -19431
-57502 81336
100261 69548
1818 -6948
65611 81639
5767 88605
15593 -21211
45065 -24414
100097 66968
35172 89242
-8559 83643
-19032 81636
-89839 78852
47893 -23182
1503 -10647
28661 90289
16145 90733
97794 73935
2984 -15771
96387 53861
-60036 81804
74235 13278
4218 88165
77323 19792
-13337 82542
42924 -25011
-6368 84332
81938 25197
97354 56174
92083 78028
19131 91042
43109 87783
87905 36039
1487 -9663
-52506 80936
70212 2846
6478 -19956
98236 73515
52443 -21170
58259 83246
56483 -18193
-85159 79494
-60376 81884
76908 80015
60418 -13808
78645 79831
-62743 82305
96479 75099
90955 78348
100287 67841
-76944 81786
41079 -25161
1952 -13726
100106 66644
71252 5300
-24173 80840
71684 6706
47719 -23268
-64494 82427
-58293 81457
85734 79058
60147 82812
-59894 81769
24 -1207
94267 48734
84438 29786
-21862 81269
48291 -22979
50495 85515
1774 -6277
31791 -24301
-79731 80963
-11753 82850
38225 88444
1831 -13139
60363 -13897
37786 -25639
99260 72204
56743 -17893
-70015 82582
56296 83806
100055 65434
85698 32057
-32631 79687
1406 -5548
7 -102
83936 79154
371 -3082
-36963 79579
26216 90516
22989 -23000
-90940 78720
1156 -5013
44875 87329
90664 78416
8571 -19591
43091 -24973
1843 -6853
-5312 84693
5746 -19902
1441 -8456
68225 -543
-58141 81433
99290 61269
88646 37608
-91614 78613
51930 -21430
1303 -5355
7663 -19419
100459 69030
-88767 78976
41955 -25111
66466 -3736
57141 -17480
14600 90465
-53168 80972
-82383 80222
39 -1908
99567 62654
-60106 81820
-83469 79897
-27751 80187
-15983 82156
74795 14676
-7354 84021
-48761 80588
8610 -19613
100454 68658
21070 -22695
-83646 79842
69707 1715
24651 -23304
31565 -24236
34086 89461
-22875 81070
-16827 82015
-47614 80456
41640 -25127
-11683 82865
4063 -18213
62695 -9868
99925 70034
17629 90937
96961 74607
16425 -21321
81541 24710
-84068 79727
34520 -25250
38937 -25509
1478 -9616
50263 -22050
99890 64132
100036 65279
99020 59929
100225 67613
1742 87364
32659 89685
70522 3427
79234 79743
80956 79524
69359 1033
1480 87264
1086 -4836
15731 90651
2697 -15190
62717 -9838
1414 -9370
47432 -23415
88628 37559
82821 26443
-80796 80625
56843 83661
43351 87738
1544 -10868
320 -2968
-87848 79046
98899 72781
99585 70851
47615 -23323
99073 72531
-53085 80968
1852 -6823
95385 51437
87663 78901
6792 -19942
112 -2354
47897 86343
1402 -9190
-78842 81220
-9968 83229
95545 51869
65104 81745
59226 -15445
-35918 79561
-74418 82241
10809 89776
72073 80377
41316 -25145
25055 90660
48180 -23040
99935 64439
18198 90976
24617 90701
-29007 80083
38274 -25579
1439 -8491
96618 74908
72058 7764
83916 28579
3910 -17929
96076 53119
4812 -19201
90014 78503
57904 -16769
81075 24250
77607 20171
69435 1147
-51995 80909
94920 50139
43411 87727
48195 86238
61083 -12778
74056 12781
30093 -23936
100216 67555
57999 -16681
22367 90941
6935 -19913
51520 -21613
40954 88022
-35282 79575
31632 89850
-36237 79557
42430 -25083
84816 30643
100390 68127
49797 85751
-75438 82082
55907 83910
28415 -23627
-44186 80237
-2685 85691
64471 81880
100104 67026
99606 70628
-58062 81421
65749 -5051
43006 -24991
1529 -7977
53642 -20516
43050 87796
95517 76203
92737 77851
-15233 82274
27764 -23535
44652 -24576
83322 27347
100098 66989
-16134 82134
-67340 82599
95822 75900
82124 25447
75697 17037
-79566 81009
31090 89951
77138 79991
1006 -4648
59177 -15506
98098 73649
-33351 79622
1639 -7600
70538 3469
44434 87483
-15683 82202
73055 10211
1561 -10961
-7931 83854
-56200 81198
60144 -14253
-33839 79600
1474 -10420
1655 -11981
27363 90430
17057 -21443
-22406 81163
81818 25032
65739 81612
93686 77510
96425 53961
100190 67414
29346 90192
97223 74420
-63792 82392
72861 80324
13158 90235
12109 -20846
17717 -21584
1664 -7443
-80217 80802
56192 -18496
-86332 79264
93144 46987
61832 -11342
100409 69330
213 86761
35794 89110
45875 -24137
62344 -10466
69044 615
5518 -19760
-18619 81692
48415 86163
-80052 80857
84363 79134
60771 -13279
-87170 79120
1403 -9172
95870 75839
90220 41301
60180 -14193
70439 3271
68578 7
51398 -21663
97062 55462
34555 -25264
60454 -13746
84754 79095
5392 -19649
75844 17316
24471 90716
71569 6389
-1939 86000
-72491 82488
88101 36451
46197 -24027
38966 88266
2074 -14084
7549 -19491
32778 -24657
-75508 82072
13471 -21052
58516 83176
-44411 80248
42702 -25050
-66304 82539
18 -1240
2135 -14207
1865 -6696
100067 65582
567 -3669
90311 41505
8732 -19699
16899 -21413
50192 85618
59863 -14714
74032 12721
-37284 79595
96200 75422
1738 -12580
100108 69789
1493 -10026
99512 62314
90865 42730
33205 -24785
100455 68700
-89029 78948
-59232 81632
41786 87981
11797 -20781
34427 89399
8488 89262
59981 82853
68893 420
57325 83533
86054 79056
25584 -23429
5321 -19571
69305 953
32255 89752
42565 -25069
82671 26203
99 -2309
96021 75644
92637 77878
100069 65603
100401 68159
-84357 79657
75876 80087
70232 80597
60784 82675
-85831 79368
95976 52926
58412 83203
1504 -9862
43529 87704
95952 52881
-68239 82611
33814 89510
9777 -20349
53772 84489
89108 78656
21028 -22683
23288 -23037
3816 -17719
-8001 83830
100395 68143
-42623 80146
91643 78157
41726 87984
66761 81401
89763 40440
-68171 82608
351 86812
13752 -21077
69653 1596
-66101 82523
5338 -19590
44989 -24443
99947 70013
47999 -23131
41251 88011
13151 -21009
51769 -21504
75066 15290
672 -3939
5934 -19983
43993 87600
41756 -25123
8291 -19444
63046 -9353
77752 20361
89625 78566
32046 89785
58001 83322
90990 78340
98851 72838
-23 -642
34200 -25120
93460 47450
96700 54704
18817 -22006
28799 90270
31392 -24183
1454 -8751
30686 90007
36316 88972
13804 90337
85261 31425
42206 -25098
14220 -21110
5897 -19967
14560 -21144
66128 81531
100428 68281
51400 85195
60475 -13715
3949 -17996
-33921 79598
1495 -9695
50859 -21858
1535 -5786
96719 54745
48652 -22785
34270 -25148
31609 -24248
82239 79377
1690 -7331
-64370 82421
74695 14462
8306 -19449
19337 -22210
96942 55203
-53749 81031
10317 -20513
54525 -19918
-88577 78996
76274 80069
1571 -7865
19543 -22282
-32233 79726
89171 39078
87 -2263
3002 -15838
27 -1655
-5 -810
1481 -9626
3529 -17109
1674 -6041
54490 -19945
97412 74272
96739 54787
-78301 81392
76923 19201
800 -4212
98885 72800
99591 70713
87853 78887
38803 -25518
61376 -12201
71430 5919
-12 -760
27114 -23487
27060 90450
-21703 81292
-32072 79741
58603 -16117
-74788 82182
18126 90970
87037 34410
1449 -9522
86730 78978
81827 79424
35415 -25522
-61234 82069
1436 -8522
47504 -23378
-20304 81481
47304 86553
-27113 80263
-3285 85454
72703 9373
19274 91049
14025 90372
75587 16809
2957 -15689
8963 -19870
56773 -17861
88205 78845
86216 32909
10288 -20508
7025 -19899
1599 -11212
49414 85863
74740 80114
3762 -17608
50546 85498
64093 -7651
66150 -4294
8406 -19492
8458 -19521
99904 70070
96854 74695
30497 -23985
60490 82737
1403 -9139
1590 -5891
28789 -23701
25132 -23383
7612 -19440
-41832 80085
75307 16021
77720 79929
69458 1187
99941 70021
96208 53413
30140 -23941
34092 -25079
72653 9263
15461 -21202
2530 -14947
55629 -19015
98979 72670
92287 45661
79349 79731
75127 15456
-25627 80555
90211 78475
1800 -12935
62255 -10626
96187 53362
20894 -22660
31770 89830
100308 69497
32229 -24454
1488 -9671
7057 -19894
99419 61818
-23649 80932
84928 30861
72751 9482
9804 -20360
65416 81679
-27394 80228
75395 16304
60662 -13435
60217 -14132
49556 85822
-12245 82753
1728 -7174
34381 -25191
1392 -5522
67069 81335
16019 -21264
85343 31553
51481 -21628
47498 86490
50819 -21873
5699 -19881
2206 -14343
95468 76241
15588 90625
76577 18645
19422 91052
765 -4142
95733 76004
1762 -6237
12 -1307
58825 83088
94099 48404
49912 -22178
100309 67919
70611 3634
90562 42026
96143 53264
40521 -25236
-17889 81810
59366 82970
75812 17262
14449 -21130
26150 -23481
78271 79878
99611 71383
9305 -20143
100423 69288
-52334 80927
1467 -9589
2096 -14134
-21236 81348
88582 78764
86906 78967
48728 -22740
2480 -14859
3024 -15922
2587 -15030
56034 -18655
31022 89963
1023 -4692
53024 84682
44118 -24728
70878 4249
95560 51919
93230 47117
89998 40872
78056 20732
96026 53022
-41282 80020
56969 -17656
99595 70926
-76504 81888
1820 -13049
61986 -11054
1502 -9705
-33190 79630
73010 10096
-57255 81299
-66570 82558
7794 -19409
9079 -19981
3255 -16535
81786 24987
100452 68527
84526 29975
40799 -25199
-67968 82611
8046 -19411
42383 -25089
-12036 82793
33330 89585
7205 88971
-36157 79559
1406 -9278
3115 87822
3781 -17651
309 -2944
-49514 80689
100202 69636
94989 76538
8540 -19567
-77748 81564
3448 -16942
40199 -25297
45460 87102
20940 -22666
51849 -21466
80177 79626
4800 -19194
7150 -19875
5003 -19318
29277 90203
1628 -11615
50224 -22063
67774 -1270
-57012 81267
73861 80233
100153 69720
26522 90491
72132 80372
-53252 80978
36624 -25624
1914 -13571
72361 80350
5923 -19978
-46998 80398
91479 78204
78208 79885
54042 84417
1709 -12443
-53584 81014
7491 -19557
64226 81924
32505 -24565
78444 21220
-49942 80747
-5093 84777
-65629 82478
-59078 81603
21763 90996
-29455 80031
43562 -24848
37282 88688
55836 -18842
9521 -20254
100115 66159
1615 -11349
-64982 82441
1367 -5474
6355 -20000
7589 -19463
7131 88954
50092 85656
43601 -24838
56128 -18560
52281 -21256
52046 -21373
82472 25912
78945 79787
-84473 79630
95422 51529
-31600 79785
-91370 78648
-8490 83667
21 -1225
7 -251
99787 70257
60999 -12932
58937 -15789
5348 88488
22290 90951
-42069 80109
53880 84460
47543 -23360
-24716 80749
94191 77220
9363 -20175
66493 -3682
17774 90945
73375 80297
32996 89632
1529 -9736
8713 -19686
96816 54950
33 -1801
31083 -24095
80210 23309
57599 -17045
86348 79021
98777 59122
72414 8727
-49798 80728
61589 -11795
6035 -20005
23133 90854
3049 87798
-72269 82513
62517 -10142
49245 -22468
97911 73834
-64619 82430
11440 -20723
67611 -1556
1718 -6129
-44111 80231
59720 -14899
1452 -8811
65283 -5861
84604 30171
94732 49707
1483 -8152
63025 -9387
-52164 80920
47395 -23435
94877 76620
-41599 80058
99581 62729
58361 83219
100097 65856
45559 87071
45996 86952
75266 80091
1281 -5312
1061 -4776
1840 -6868
31130 -24107
60126 -14283
-1648 86112
100089 65776
41913 -25115
54309 -20064
92261 45620
64607 -6796
96774 54869
1291 -5333
95330 51299
73234 10676
1994 -13870
78583 79840
-55533 81145
62416 -10337
1093 -4856
91065 43117
99827 70204
-20461 81458
-80163 80819
48071 -23094
6770 88868
-1355 86219
3655 -17398
86523 79002
9645 89506
24908 -23354
92113 78021
77715 20312
62309 -10531
74743 14568
63340 -8889
65441 -5609
13984 -21092
87213 78943
1497 -9701
69981 2357
10441 89692
-87499 79077
57219 83563
51563 -21594
62658 -9927
97503 56494
84333 29539
71764 6921
67480 -1792
91660 44381
96650 54572
2109 -14157
100417 68228
17962 -21666
39283 -25478
7811 -19407
-33112 79636
48504 86133
60922 -13059
5409 -19674
-69223 82603
87112 78949
16983 90866
45312 87155
7852 -19408
88468 78791
54546 84296
52164 -21316
60005 -14500
61688 -11613
72524 8994
58225 -16479
65 -2142
263 -2812
4634 -19027
79154 22079
86942 34234
5184 -19439
46554 -23879
12293 90086
66916 -2799
51025 -21801
10848 -20623
79576 79710
-72938 82442
1 0
-48560 80571
2387 -14682
1597 -7761
8191 -19421
91512 78196
99765 70337
87136 34582
488 -3430
7562 89059
99805 63575
-89410 78903
4587 -18956
7752 -19412
88118 78858
20525 91050
93346 77668
17100 -21452
39478 88167
1438 -8935
-91245 78667
470 -3354
1697 -7294
95773 75963
-18052 81781
100112 67083
1523 -5764
45223 -24363
95927 52832
16912 90858
92711 77856
-82847 80077
76889 19147
61706 -11579
6950 -19912
38089 88476
-61988 82215
-81215 80512
55117 -19444
18567 -21902
71913 7349
-5813 84513
15144 -21185
100378 68095
1575 -11028
99846 70180
1455 -8767
69385 1072
93129 77744
8104 -19418
100005 69943
-9053 83477
-71904 82548
-25027 80689
92014 45197
53325 -20697
20153 -22489
7955 -19410
91176 43349
1581 -7829
42474 -25078
100410 68193
61967 -11082
99531 62445
-3669 85309
1555 -10912
-54765 81098
49405 -22389
42320 87926
80446 23596
8785 89323
-50091 80762
8766 -19723
89383 39654
93223 77710
64659 81842
35659 89139
-11037 82985
92717 46312
99978 64747
-54594 81086
94373 77068
23 -910
1850 -6522
99255 61063
-22799 81085
53483 -20606
11 -402
-75152 82132
19792 -22367
93339 47285
91219 78283
16487 90794
47451 86506
50396 85549
7686 -19417
1447 -8408
5072 -19367
2917 -15582
100114 66077
41395 -25140
99290 72135
63984 -7843
1864 -6647
40077 -25325
15067 -21177
38699 88330
79410 22376
21246 -22738
82503 25952
55964 83894
58095 -16594
73419 11156
90449 78451
4531 -18892
67191 81303
-44927 80265
1471 -8211
1811 -6364
59345 -15299
76964 80009
53286 -20722
1452 -8388
99542 62513
1838 -6883
44429 -24656
65871 81584
90177 78481
49317 85889
94594 76884
69499 80695
1480 -10560
94641 49534
95143 50756
32740 -24645
84209 29241
1661 -12023
685 86940
86769 33920
94520 49278
28554 -23654
-61923 82204
72821 9643
24249 90736
44469 -24646
1659 -7484
-82639 80140
39227 88215
-90817 78743
92282 77978
-7571 83959
60942 -13026
100113 66182
8997 -19901
57177 -17445
18232 -21773
5372 -19628
90905 42806
82799 26402
81721 24905
45425 -24302
34898 89306
5207 88451
2912 87754
71848 80396
80698 79555
68031 -832
-36805 79572
-57745 81376
2632 -15096
96528 75022
-12459 82708
69559 1390
4982 -19306
42792 -25034
90890 78361
84461 29833
87541 78910
7482 -19567
-82586 80156
54209 84375
34965 89289
11179 -20689
67796 81122
4863 -19237
-57335 81313
46114 -24055
4156 -18380
86204 79038
1540 -10847
71664 6656
-70840 82583
99660 63085
1807 87388
59151 -15540
97390 56253
-10 -524
95925 75769
66725 -3199
70507 80545
44049 87585
99488 71736
9221 89419
51358 -21679
60516 -13654
2423 87590
99727 70406
-71834 82553
2943 -15647
11675 -20755
65289 81708
48727 86065
53827 84475
1486 -9649
70961 4482
99955 70006
14 -375
-47750 80471
62881 -9609
90752 42477
19378 -22224
70398 80568
-12748 82649
61275 -12430
83283 79239
3458 -16966
51646 -21561
22746 -22973
-74639 82204
50106 -22107
24838 90683
1718 -7209
951 -4494
-39373 79773
19910 -22410
99611 71170
13552 -21057
-81472 80455
91194 43389
91680 44425
19204 91045
63360 -8857
82249 25614
56510 -18160
-55953 81178
30022 90095
99541 71614
31564 89864
1518 -9813
69541 1349
3091 -16107
62494 82254
-70367 82573
12532 -20905
72626 9210
26293 90509
-61103 82042
1406 -9309
-30584 79884
73347 10973
-9196 83434
69965 2317
342 -3015
-90019 78828
97465 56411
72293 8410
74374 13655
45757 87015
8665 -19650
75652 80091
1665 -12094
62272 -10595
1824 -6395
23076 -23009
91560 44167
64401 -7130
-67620 82611
63528 -8583
63793 81980
92235 45578
54561 -19893
53599 84531
74465 13897
95704 52308
46872 -23722
62484 -10206
9925 -20400
93880 48052
83491 27669
69725 1754
-37992 79646
1863 -6615
55966 -18720
99561 62620
100330 69472
-37676 79625
99968 64687
6326 -20010
29413 90184
17511 -21528
-73531 82379
36959 88781
-91003 78710
92363 77952
-34326 79593
98960 72695
15841 -21241
82156 25489
32461 89719
94899 76603
94222 48639
8712 89307
2978 -15751
1493 -9686
4666 -19068
91872 78090
100118 67140
97852 73883
41134 88014
-84990 79528
9473 -20230
1835 -6440
83118 79268
-57093 81278
1435 -9490
-25844 80503
6168 -20029
79962 23015
96901 55119
36665 -25624
8817 -19762
59102 -15604
16235 -21298
92502 77916
1512 -9826
31838 89818
4283 88186
87333 34927
60837 -13183
3037 -15965
7414 -19667
-3061 85543
-46926 80393
4092 88127
6985 88917
73703 80259
1480 -10114
75412 16361
96000 52976
-23946 80881
30992 -24075
58761 -15969
33504 -24873
14023 -21096
65102 -6095
81753 24947
74167 13093
-5019 84804
99206 72312
64581 -6835
36893 88802
93488 47492
30810 -24037
-66437 82551
-69366 82600
-14111 82434
98284 58081
67253 -2192
99592 70732
94481 49194
58292 -16419
7190 -19862
4564 -18930
-81523 80445
-68306 82613
45504 -24275
-77930 81512
97255 55935
-68944 82613
98085 57724
99465 71794
8861 89341
67162 -2357
84418 29738
49461 85852
100218 67575
75433 16415
1852 -6808
99969 69989
-20383 81469
51645 85110
77490 79951
14 -346
94333 48876
1220 -5159
1413 -9355
27814 -23541
84564 30070
3445 87926
98467 73282
64684 -6669
-42304 80128
-20772 81415
13593 -21061
-2383 85814
85201 31338
85892 32380
80995 24169
56097 -18590
87144 78948
-67761 82612
99932 64407
1736 -6173
97318 56094
1434 -8575
10018 -20435
61139 82591
79484 22459
44585 87439
-64919 82438
-87910 79044
39155 -25492
57583 83454
2083 -14109
1540 -9759
88835 38136
-55278 81134
1851 -13259
85777 32191
80674 23851
99760 70345
90143 78485
45660 87042
99838 70189
73324 10913
-16 -719
100193 69648
89115 38944
3212 -16438
69063 80769
6552 88817
3 -6
35590 89156
15496 -21202
31978 89797
-22483 81151
59644 82917
88838 78705
1443 -8441
99148 60433
55376 -19228
79714 22717
18340 90990
-61425 82107
58354 -16358
60289 -14011
58571 -16147
99593 70771
99617 70611
96696 74826
61727 -11546
17554 90931
22748 90899
1611 -11289
66949 81362
-343 86570
97744 56989
-10753 83043
-81005 80566
81154 24325
82888 26562
87087 34497
33607 89545
31910 89809
80308 23434
11365 -20714
4077 -18236
-56851 81251
21114 -22705
26606 -23482
33629 -24913
92368 45785
16091 -21277
-73381 82393
91029 43041
790 -4189
25273 -23392
6732 -19945
54950 84199
-41033 79990
30001 -23920
-55109 81124
99133 72440
56074 83864
-78424 81352
65901 -4751
-17144 81956
289 -2894
99873 70122
68707 178
-77370 81673
83701 28107
-76242 81942
28026 90367
6007 -20000
-24096 80855
94816 76674
58819 -15907
1447 -5614
99612 71210
1838 -13167
54376 84336
1792 -12909
100093 66948
100092 65815
99732 70395
43800 -24794
1789 -6314
86584 33579
5646 -19850
3478 -17009
100095 66848
94239 77183
34 -1166
63547 82023
42879 -25019
-73232 82410
82378 25784
88149 36551
52127 -21335
42966 -25002
5561 -19788
53484 84558
1474 -10363
65039 -6175
-83764 79812
45546 -24260
95294 51202
-2761 85660
45144 -24388
14181 -21108
71287 5399
-10540 83089
58997 -15731
60400 -13837
-85553 79417
41718 -25123
95395 76295
63243 -9052
94247 48685
-9759 83282
88757 37898
12844 -20955
18689 -21951
90426 41733
99556 62584
98033 73712
76732 80034
63740 -8240
5904 88645
100226 69595
-61798 82181
-16059 82144
34452 -25220
-60705 81957
-49655 80709
-6785 84196
72156 8026
81008 79518
76788 18982
-35759 79564
74553 14130
31304 -24156
59076 -15636
87662 35540
-12 -776
92155 45448
77196 79985
65642 -5244
84796 79089
94818 49896
-85272 79474
92535 46030
89918 78519
87380 78927
4672 88301
-80585 80686
100017 65114
2970 -15732
50877 85381
-64679 82434
28739 -23690
40399 88050
100122 66336
25837 -23459
-89156 78935
42257 87937
25272 90632
80595 23767
88194 36653
89187 39124
-73753 82354
32594 89695
83249 27219
42836 -25026
64794 -6503
1451 -8856
-87556 79070
27619 -23521
33164 -24773
11714 -20763
534 -3582
3510 87950
71163 5054
100148 67257
63049 82125
49719 -22258
100125 66418
-85217 79485
97501 74201
33986 -25033
63696 -8306
99497 62182
100022 69922
519 -3533
961 -4517
1475 -10269
50620 -21939
94549 76920
-89718 78870
78520 79850
-37044 79581
68609 49
77940 20595
45361 87137
3549 -17148
119 -2373
1684 -7348
-17806 81826
98435 73320
76017 17658
26833 90467
41431 88002
60023 -14468
96590 54393
88609 78758
63549 -8547
15 -1480
4418 -18736
92569 77898
-35440 79571
1272 -5289
-80109 80838
20983 -22674
29258 -23795
41562 -25129
5160 -19424
2353 87569
-83012 80036
87763 35731
7978 -19410
-64739 82434
91361 43748
45263 87175
99756 70355
99114 60307
98665 58850
75000 15119
100172 69694
1451 -8841
-82538 80174
1432 -8591
-79014 81169
22980 90871
-58372 81470
24545 90707
37655 -25649
36581 -25621
1506 -9709
46032 -24082
-41676 80066
49486 -22353
99560 71560
57770 -16890
53879 -20364
41679 -25125
99944 64500
100102 65923
100279 67821
100114 66205
40756 -25204
-29381 80041
65954 -4650
29865 -23897
91832 44810
98957 59684
38498 -25551
100123 66440
-63414 82357
1619 -11370
24983 90667
45710 87028
74076 12844
66649 -3365
39289 88203
-36722 79570
98121 57801
7491 89042
-78361 81373
-43496 80191
37616 88593
33832 -24974
50700 -21915
-27822 80182
3615 -17309
35576 -25541
98558 58595
42991 87805
1653 -11957
-15460 82236
17347 -21492
66830 -2969
75489 80089
34759 -25342
40996 -25170
8 -416
9080 89388
50740 -21902
55007 84185
61749 82435
1672 -7404
86635 33679
39024 -25503
-70981 82586
42443 87906
36764 88840
98114 73635
100232 67652
-32551 79695
743 -4100
62618 82224
52815 -20970
69480 1226
97388 74290
32544 -24578
100431 69262
1467 -8230
86845 34056
-52672 80943
25227 -23388
54598 -19863
95941 75751
18114 -21729
77120 19503
1485 -10576
88702 37752
83515 27717
1474 -10345
1121 -4924
53525 -20584
99448 71837
37616 -25650
1147 -4991
52645 -21064
89561 40049
-82691 80122
91158 43312
3245 -16512
70310 3038
9927 89570
4738 88318
78333 79872
-64177 82413
1685 -6061
97863 57234
-90632 78771
55117 84155
80956 24131
-47819 80481
77220 19646
-90693 78761
2873 -15496
97964 57465
48143 -23059
89079 78664
86245 32956
55438 84049
99573 71507
4657 -19054
53443 -20629
60726 -13340
53405 -20654
12652 90152
4736 -19154
82532 25993
74532 14073
-79347 81071
94717 76769
95017 50379
-63478 82363
10703 -20589
1866 -13355
8082 -19415
98636 58775
1456 -9544
5304 -19555
1707 -7240
1429 -9469
90721 42405
-23722 80919
91936 78072
29023 -23753
-35520 79569
67720 -1363
-25327 80622
80343 23473
10662 89741
1539 -9750
-80744 80640
-8420 83693
94420 77034
59816 -14778
3738 -17562
-68660 82618
100350 68027
100060 65461
-69872 82586
23118 -23016
97207 55809
76191 17989
100098 66715
61500 82500
20543 -22588
24998 -23368
-5239 84722
-50016 80756
93765 47891
86559 33529
63426 -8755
7326 -19777
55870 -18813
74670 14407
-12898 82625
2989 -15792
-38639 79696
99228 60806
1814 -6966
55555 -19075
45805 87001
34656 -25302
26511 -23484
25345 90620
-40357 79901
90989 42962
-63605 82375
4789 -19190
-7209 84062
52770 -20993
73204 80309
95970 75713
24026 -23169
1703 -7258
79903 79670
83442 27576
86273 33003
39068 -25498
67314 81271
20886 91042
1246 -5223
-51179 80854
39361 -25465
65354 81692
27513 90417
97124 74492
30157 90080
71605 6496
12336 -20880
13662 90317
-19111 81626
91253 78274
39400 -25457
71804 7024
46515 -23895
92226 77996
99314 72087
100201 67451
97044 55418
-73455 82386
1613 -7695
93154 77736
-87969 79038
-37835 79635
70332 3079
71074 4808
48022 86299
-63731 82387
67128 -2410
27437 -23503
82312 25697
3890 -17887
50294 85585
96878 55075
60963 82635
81715 79441
1588 -11092
74522 80134
71416 5866
-18376 81726
85671 32012
6197 -20026
87183 34667
50346 85566
-63541 82368
-27465 80220
14315 90421
1593 -11153
90885 42768
35951 -25593
100291 67859
-53998 81049
83440 79213
91084 43153
74191 13154
88896 38327
48253 -22998
57062 83608
44001 -24753
91349 78245
1856 -13292
57009 83622
17222 -21470
-64305 82418
88297 78829
-12532 82692
-77245 81708
-8282 83740
99700 63216
98648 73069
84131 79145
89235 39257
-845 86394
66572 -3526
5232 -19473
74330 13529
-10040 83209
82477 79353
30752 89999
5419 -19684
67558 -1652
100153 67280
98945 72717
-67058 82585
47160 86606
4777 -19181
72371 8620
-18211 81751
30356 90056
65615 -5290
-43572 80194
-42461 80138
84118 29040
17469 -21518
-91495 78628
89268 39350
88052 36347
88004 36245
-80481 80715
-82030 80318
39601 88144
18439 -21854
-84876 79549
84252 29341
59667 -14960
-20 -575
28048 -23565
-67129 82588
80645 79560
60901 -13088
11485 89920
16 -1254
69818 1950
-47135 80408
-60308 81868
81315 24479
48844 -22676
-65831 82496
-39535 79790
28094 -23571
61344 -12265
99615 71326
1077 -4816
59025 -15699
6838 -19933
1437 -8638
9749 -20337
62928 82154
90444 41767
971 -4538
98809 59201
10257 -20501
58385 -16329
1694 -7312
86331 33097
5571 -19796
3 -57
94941 50187
16737 -21378
-72865 82452
-32472 79703
73099 10327
49271 85901
79463 79719
77548 79944
-20539 81447
24116 -23186
42518 -25073
74846 14786
36251 88993
87247 78941
69500 1269
91208 43427
87430 35118
84885 30772
83892 28527
99600 70973
88124 36502
75044 15233
57948 83339
65722 -5101
93369 77659
-12315 82738
65336 -5780
47822 -23214
1491 -10056
23031 -23004
25750 -23449
99668 63116
100455 68679
8848 -19784
13038 -20991
1 -467
99976 69981
32186 89764
69690 1677
74244 80174
-83885 79779
1772 -7058
7438 -19634
82282 25655
8981 -19883
33950 89486
-48896 80599
49226 85912
4703 -19120
74144 13030
4 -455
-22 -656
71484 6132
1559 -7898
91319 78255
70669 80517
3326 -16699
22063 -22882
5622 -19830
3148 -16291
100125 66357
3202 -16414
60722 82689
-8910 83522
86130 79048
70377 3156
59247 -15413
83726 28159
4220 -18475
41833 -25118
20412 -22554
66885 -2854
-64115 82409
-91788 78589
80438 79585
9619 -20292
68724 80845
-5385 84667
47727 86406
19669 -22323
73447 11220
25969 -23471
99239 72248
1625 -5955
-17391 81904
29211 -23786
-7281 84040
55190 -19380
100455 68932
98666 73052
6491 -19952
83371 27436
30221 90071
99063 60114
80876 24050
99221 60776
97025 55377
4764 -19174
14523 -21137
47256 86571
45902 86975
53921 -20336
-556 86496
62866 82169
90480 78448
92666 46230
100119 66515
29547 90166
14170 90397
-37598 79616
40717 -25208
88683 37704
541 -3603
5836 88625
-47404 80433
-32871 79659
-80691 80656
52563 -21108
-59531 81692
19584 -22294
98993 72647
99820 70214
1632 -11738
73756 80250
95685 52261
39584 -25424
100044 69890
79190 22121
35997 -25598
42748 -25041
63589 -8480
91328 43676
68396 -261
70667 3759
70707 3844
50780 85413
88997 78676
24387 -23236
99607 71076
100443 68382
36290 -25613
70175 80606
85094 31162
35141 -25466
98274 73480
97140 55632
3066 -16037
10 -282
78785 21671
426 -3226
64235 -7417
71025 4668
7346 89008
21394 91022
-86276 79275
-30355 79907
44780 87368
-62434 82276
13447 90280
-73307 82403
5493 -19743
19119 -22128
97075 74526
-25919 80489
93680 47772
67377 81253
32350 -24504
1769 -6257
21753 -22844
-38473 79684
99592 70741
59639 -14989
84583 79114
40462 88044
82298 79371
14411 -21127
99849 70173
64187 -7495
6912 88901
68454 -167
1838 -6459
97051 74541
22670 90907
97240 55892
-70568 82573
11217 -20695
1525 -9732
71009 4623
-89595 78884
4473 -18812
2445 -14794
19076 -22111
2884 -15518
64048 -7732
-86555 79219
87532 35307
87883 35987
1858 -6585
41273 -25147
69785 1868
5281 -19529
49164 -22510
99547 62546
17181 -21463
55539 84010
-9410 83373
-20066 81511
80141 23228
100195 67432
-19275 81604
50446 85532
20960 91041
83419 27529
76347 18264
24607 -23293
99118 72465
10907 -20640
13789 -21081
126 -2396
34562 89374
-27323 80236
99612 71190
66519 -3632
99470 62046
70944 4436
99614 71306
46594 -23860
44390 -24667
79079 21998
1803 -12963
-52249 80923
91994 45155
96335 75277
90668 42267
96503 54156
52730 -21019
68262 80970
99497 71719
61146 -12668
-2086 85938
88982 38570
72573 9102
19163 -22145
93031 77779
33373 -24832
53960 -20311
76410 18374
76822 19039
84721 30462
2374 -14659
24255 -23209
60749 -13308
9 -199
-62557 82287
50026 -22135
70418 3235
89423 39742
99523 62381
-10826 83031
62189 82329
1920 -13601
-56365 81212
40025 88086
1441 -8666
46332 86859
85131 79069
4346 88205
5858 -19955
-34729 79587
8177 -19421
-21940 81256
11254 -20699
41013 88019
71060 80463
-47267 80421
81223 79496
59885 -14681
90048 78498
99680 70486
99438 61893
89435 78594
64308 -7298
92525 77910
76161 80076
54152 84389
69251 876
69723 80664
-48493 80562
-11826 82835
10884 89793
16010 90707
91187 78292
-76819 81817
62450 -10272
1699 -12364
17676 -21573
70628 3676
77864 20501
45019 87267
23247 -23030
49507 85837
-75911 82000
-30046 79945
60307 -13983
89317 39486
55224 84122
99457 71816
-90262 78804
5249 -19492
2 -29
19059 91039
25408 -23406
-88392 79009
-89778 78861
1757 -7088
2143 87505
100165 67321
62921 -9548
12374 -20885
36750 -25627
27 -1728
67009 81347
71703 6758
-17475 81888
76508 18535
97732 73983
49844 85737
99893 70086
43303 -24915
84626 79110
4575 -18942
100115 66118
27910 -23549
7 -223
99504 62246
100112 66054
-29747 79993
92926 46642
91782 44685
13631 -21063
2062 -14058
98200 73551
175 -2575
-15011 82310
99414 71901
4088 -18257
-19511 81578
27391 -23499
60578 -13563
32625 -24606
76223 18045
6243 -20021
96520 54205
1452 -8826
51439 -21647
99411 61782
97101 55545
100436 68315
82866 26523
-65043 82443
36827 88821
99138 60400
60041 -14438
-48962 80607
33465 89564
13672 -21069
87859 35935
1410 -9340
-81779 80384
91576 78175
58672 83136
95367 51392
28730 90277
8010 -19412
99337 61488
83678 28057
23889 -23144
55855 83924
-40020 79851
47025 -23640
67882 -1079
99265 61130
39663 88136
70137 2700
9030 -19935
-26557 80351
-23266 81000
1863 -6745
6994 -19906
96872 74676
91414 43856
-50241 80777
32969 -24712
3284 -16604
3669 -17420
24163 -23194
60076 -14378
1356 -5449
75474 16527
-51502 80874
597 -3741
82062 25367
57 -2063
32794 89664
86459 33334
89301 39443
95149 76444
100075 65649
11930 90016
62291 -10564
62383 -10401
67910 81083
755 -4121
-84703 79585
47939 86329
-28042 80158
94775 76711
99259 61097
37913 -25627
92851 46516
62001 82373
80281 79609
90543 78439
24344 -23227
44234 -24705
80331 79600
-25177 80656
-7426 84000
9248 -20107
-12823 82635
-82794 80093
-51583 80880
-5 -496
76648 18758
46276 -23997
1497 -9918
56867 -17761
43174 -24949
31430 89889
93463 77615
40036 -25335
-6647 84241
82699 26241
97997 57540
98541 58558
74820 14731
65311 -5820
7632 89075
5729 -19897
4286 -18560
-45075 80275
72936 9922
97288 56015
89348 39570
17142 -21458
32586 -24592
-13043 82596
46477 -23913
2775 -15325
18608 -21919
93884 77414
81660 79447
80521 23681
84838 79087
32147 -24421
-49726 80719
42656 -25054
10294 89657
69952 80635
-28263 80139
74258 13339
65675 81624
91911 44983
77660 79934
92480 77921
33791 -24959
9288 89432
24689 90695
46912 -23701
98798 72896
-35206 79579
8506 -19547
100439 68349
28141 -23575
51192 -21742
56252 -18435
4492 -18840
11857 90002
20368 -22540
64631 -6753
91284 78262
-26833 80302
24323 90730
-17557 81871
-78177 81436
95227 51004
13389 -21042
23796 90780
51689 -21542
69780 80657
100027 65228
2571 -15009
-24248 80826
9061 -19967
4992 -19312
281 86786
99623 70597
-72419 82497
-45447 80297
1419 -9416
56186 83835
93812 77455
3097 -16133
54492 84310
9227 -20094
-89899 78841
-81057 80553
70268 2960
99772 63445
74121 12969
8057 -19413
7396 -19695
97155 55676
-79181 81120
-86835 79171
92315 45703
81275 79491
99754 63383
49136 85936
99555 71578
13591 90306
91124 43231
-61037 82025
-78054 81475
99918 70044
47770 86390
59507 -15133
99959 64591
58324 -16389
38894 -25511
29116 -23771
5268 -19509
33125 -24759
42036 -25108
-87670 79057
57424 -17203
92661 77870
-66502 82555
6294 -20014
21540 -22802
86939 78964
714 -4032
1540 -7949
69671 1635
88006 78875
1849 -6838
1741 -7120
68435 80924
67803 -1221
-34972 79584
46043 86941
64946 -6296
100077 65671
89936 40761
37698 -25646
56565 83728
19296 -22195
84681 30368
87455 35166
91930 45027
-5674 84563
91816 44768
63654 -8376
5 -75
-33272 79626
97121 55587
-30898 79854
100383 68110
3105 -16157
53139 84648
89366 39614
96372 75238
99593 71453
1830 -6411
99611 71363
-23874 80893
88413 78807
81549 79461
85605 79060
-81978 80334
894 -4374
-31678 79778
97618 74091
-77872 81529
17553 -21540
65878 -4799
14704 -21154
81884 79418
59839 -14746
100053 69881
70502 3388
-82436 80204
1527 -10755
92060 45278
85750 32145
60843 82661
19831 -22381
-90755 78752
-15908 82169
549 -3624
99591 70677
100001 65000
61511 -11937
54935 -19594
89690 78558
2051 -14031
99330 61453
79895 22928
82844 26483
38022 88490
46282 86873
15107 -21182
9596 -20280
26445 90497
-60241 81852
82887 79300
59198 83003
99953 64562
93711 77501
21328 -22758
47467 -23397
7556 -19486
-79891 80910
-76757 81831
2843 87730
71387 5761
37408 -25650
76544 18591
67677 81157
96738 74791
22706 -22971
4234 -18493
5696 88583
75454 16471
1420 -9028
42685 87864
97479 74216
-36317 79560
35297 -25501
63111 82112
393 -3130
74298 80165
-81111 80537
7276 88990
18484 91001
132 -2419
88944 78687
9572 89491
97559 74147
90060 40985
14 -1459
-31135 79833
91765 44641
66624 -3420
13268 -21026
74924 14953
58 -2089
-16 -547
7164 -19871
26283 -23483
71454 80427
55696 -18958
67284 -2141
21709 -22837
100081 69836
100456 68866
88384 78814
1494 -9994
99042 60024
36082 -25603
29 -1750
100043 65330
13348 -21036
48821 86034
-82955 80050
100120 66459
65540 -5425
70779 80499
-91431 78638
69837 1992
5401 -19660
1842 -13198
68161 -639
-4 -839
36122 -25606
64978 81771
100100 65901
-44560 80251
-49168 80633
98160 57877
30408 -23972
-76307 81930
46073 -24068
18399 -21838
74398 13716
99674 70495
79262 22205
99780 63478
1470 -9597
-30432 79899
-31056 79840
82709 79325
93430 47409
8142 -19419
97303 56055
1442 -8919
73941 12475
-28560 80118
10 -159
36879 -25632
38626 -25538
12259 -20872
86743 33872
99593 70761
-75368 82095
1489 -10595
60818 -13216
35455 -25527
41191 88013
98149 73603
50735 85429
75219 15743
20069 -22467
72693 80326
44923 87308
-75007 82151
95347 51346
12727 -20938
56566 -18096
48504 -22864
69636 1554
3878 -17866
99689 63181
17017 -21438
-29235 80057
94661 76827
-46091 80342
2925 -15603
17051 90875
1462 -9566
13 -1273
62140 -10812
-90878 78732
41 -1082
89982 78507
29615 90155
66381 -3891
63844 -8063
1280 87186
47686 -23286
1495 -10009
-82334 80236
87407 35070
59692 -14930
34825 -25366
7071 -19891
1138 -4967
80068 79643
100296 67878
62756 -9781
66635 81425
152 -2488
7381 -19712
-67198 82590
73965 12536
15446 90599
55490 84028
15377 90585
10959 89808
-76567 81873
96604 54439
44726 -24547
44 -1015
62987 82138
57390 -17237
4836 -19220
5004 88391
89854 78529
52857 -20947
74466 80143
-11252 82943
100451 68494
78708 79822
-45373 80291
80242 23350
87235 34751
35784 -25573
29494 -23829
-85497 79430
-75646 82047
-59308 81648
99962 69997
96121 53214
62554 82239
-66849 82573
36040 -25600
-4648 84947
73873 12286
1670 -12145
-2013 85969
77425 19935
70928 4387
95740 52403
-43647 80197
76849 80021
1534 -10800
39617 -25417
-86221 79286
-87614 79064
71860 7185
1706 -12418
99744 63348
72096 7867
7839 -19410
7280 -19810
99773 70298
21 -1591
2897 -15539
3055 -16012
28647 -23670
95262 51102
30719 -24022
37870 -25630
8236 -19429
93610 77540
97581 74129
99669 70501
53157 -20784
24477 -23260
85775 79058
-64433 82423
97635 74073
15664 -21217
79751 22761
62310 82300
64377 -7174
-7640 83937
86973 78960
-8770 83571
41488 87997
97099 74510
66803 -3026
99649 63051
44635 87422
100169 67339
100457 68981
12961 -20977
8092 -19416
55801 -18871
-1719 86085
1601 -11233
67694 -1411
40878 -25188
-991 86348
61625 82468
7562 -19478
19646 91057
99205 60683
94529 76940
-26694 80327
91544 78185
6138 -20027
37 -1881
-4198 85105
35661 -25554
40587 88035
26067 90530
93441 77629
-22018 81241
7981 89156
84879 79083
1068 -4796
93627 47693
-81370 80475
99600 71026
3082 -16082
-73679 82363
9988 -20424
96495 75073
1698 -6085
90783 42545
-88090 79029
1677 -7387
1518 -8004
67506 -1743
11401 -20720
3179 -16365
82033 25326
1466 -8246
91997 78054
58031 -16653
76046 80082
81652 24826
4521 -18881
46634 -23842
27137 90445
62676 -9896
63633 -8410
63760 -8204
1865 -6630
81392 24556
81615 24787
-16515 82069
83203 27136
100094 66929
3440 -16922
88461 37217
34828 89321
62841 -9667
3961 -18019
60343 -13926
1103 -4879
5714 -19889
93106 77753
3725 -17541
37480 88632
6334 88762
76317 18210
9672 -20311
7476 -19578
9013 -19918
38430 88396
6880 -19923
75540 16699
39352 88191
91380 43784
86595 78993
96717 74809
9721 -20329
91396 43819
62574 -10048
645 -3867
-71620 82568
85260 79069
73281 10795
88439 78799
7388 -19705
61196 -12583
89375 78606
-38801 79710
99603 71061
99762 63413
30764 -24030
-39694 79812
42930 87817
87572 78910
96353 75257
68493 80909
13517 90292
83985 79152
100402 69345
-31216 79825
5659 -19859
99251 61029
79300 22249
2727 -15234
28883 -23722
32665 -24619
10140 -20472
-37755 79629
94571 76901
-16439 82083
25489 90597
-29084 80075
75003 80098
86409 33239
95653 76089
87041 78956
56369 -18314
98417 73337
97540 74166
86016 79058
99770 70307
95715 76028
96099 75542
89499 78584
78162 20868
94901 50091
14529 90451
78409 21176
7623 -19433
87557 35355
91641 44337
80715 23891
-6157 84401
40649 88032
47174 -23558
14387 90432
66945 -2741
-76694 81846
2425 -14748
64258 -7379
90970 42924
44761 -24532
-52919 80958
100210 69621
82724 26280
82418 79358
99006 59860
38898 88281
10050 -20445
3190 -16390
84095 28991
-16360 82094
53196 84631
5137 -19412
2347 -14618
93637 77532
7580 -19469
-51744 80893
1434 -8556
99826 63679
90182 41220
-9553 83334
9 -1362
53658 84517
71683 80411
-486 86519
40337 88053
28240 90340
93654 47732
1481 -9634
95753 75983
-47476 80441
-18131 81765
84840 30685
44351 -24674
-65364 82459
1524 -10732
44196 -24713
5507 -19752
8197 89203
64028 -7769
-13114 82582
88265 78836
95244 51052
100446 68458
4949 -19288
58257 -16450
50303 -22036
-36480 79563
25704 90571
-41911 80093
-83704 79826
92615 77886
92692 46272
96758 74775
-52838 80954
1497 -8081
99591 62802
-79293 81087
100115 66097
46712 -23803
72984 10037
95456 51626
-5743 84537
1523 -9728
34998 -25424
10877 -20631
100180 67378
34495 89387
32817 -24669
67343 -2037
95667 52214
-273 86594
8 -136
19572 91054
64163 -7532
1509 -8033
78509 21314
-88332 79014
73896 12350
99426 71880
93007 77785
1184 -5077
20588 -22597
-61863 82193
49601 -22306
98346 58183
64349 81905
-77810 81548
89631 40180
-13488 82515
70248 2920
21614 91009
-58683 81525
39996 -25343
87977 78879
95807 75922
1209 -5140
47857 -23200
81035 24208
18731 -21968
18556 91009
98575 58629
61440 82517
94035 77324
84054 28889
96682 54662
10732 -20594
-87444 79086
-46651 80377
282 -2866
16697 90828
73739 11907
23206 -23027
-89092 78943
-65498 82468
61213 -12551
99877 70109
36499 -25622
79040 21957
71724 6811
11 -1419
96008 75662
40525 88041
65826 -4901
59561 -15075
100244 69572
95402 51483
23455 -23065
47403 86520
92434 77933
43230 87762
99907 64258
63301 -8956
58775 83103
-15159 82286
86103 32716
45956 -24110
1476 -10512
69803 1910
60371 82762
1666 -12118
87479 35213
5845 -19951
87315 78934
65227 81721
99356 61560
96285 75333
5030 -19337
1863 -6663
-24480 80790
-23495 80959
43216 -24939
5595 -19814
7897 -19409
87209 34707
67999 -880
66751 -3142
88170 36601
65041 81760
91841 78098
74442 13839
60980 -12963
1699 -7276
5950 -19989
15430 -21199
100180 69677
-16983 81986
71903 80390
77604 79940
49989 -22150
-62927 82322
46671 -23823
37056 -25635
4891 -19250
98183 73568
77904 20547
99236 60899
96545 74998
67068 -2521
99902 64229
72271 8354
42746 87853
3312 -16675
1474 -9606
1628 -11493
726 -4055
100371 68079
63223 -9085
5634 -19838
1650 -11913
100107 66012
-88453 79005
73989 12598
-91965 78563
60036 82838
93003 46771
14062 -21099
100027 69910
74872 14840
32863 89654
22907 -22990
64164 81934
100023 65172
93965 48177
-54848 81103
57040 -17584
1460 -9554
12612 -20915
31174 -24118
2004 -13898
68739 222
6698 -19944
59906 -14650
99638 70572
100289 69514
93936 48134
65166 81733
81579 24748
3984 -18063
5528 -19768
39953 -25351
14141 -21104
61393 -12166
37089 88744
6559 -19943
56623 -18026
82061 79396
34761 89333
66700 -3255
100107 66620
-90081 78820
4409 -18721
254 -2785
3924 -17951
28599 -23661
-68448 82616
94351 77087
22065 90972
68770 263
48922 -22634
90280 78465
49003 -22595
61766 -11479
1431 -8978
-82231 80266
87506 35262
-10968 82999
-6578 84264
90640 42199
61817 -11376
-24871 80720
25792 -23455
12 -389
7246 -19834
97541 56577
8636 89291
25540 -23423
-14418 82396
-59676 81722
47249 -23517
94663 49574
75755 17151
86534 33479
-28785 80104
3852 -17807
27809 90390
-21626 81302
65851 -4852
9151 89403
89582 40094
19943 91059
29351 -23808
38293 88428
100019 65142
65133 -6057
88948 38471
94966 76554
39511 -25438
1571 -11004
23163 -23020
-84184 79697
67737 81138
45066 87246
56595 -18061
54000 -20282
100071 65626
2753 -15280
22786 -22977
168 -2552
-7 -793
5760 -19909
61458 -12038
-90141 78813
8 -266
93030 46815
89562 78573
100457 68718
16079 90718
4927 -19272
-5 -824
75377 80088
85048 79073
233 -2734
79225 22162
86766 78976
12184 -20860
62119 -10843
99305 61341
49285 -22446
49093 85949
4477 88246
33949 -25020
83139 27011
98914 72760
7314 -19786
3487 -17029
71344 80436
71345 5602
-28708 80109
18913 91034
43820 87637
99595 70940
34235 -25133
10399 -20527
5347 -19599
66208 -4194
42140 87950
-5949 84465
89594 78568
70353 3117
78196 20912
15698 -21221
99983 64804
1762 -12710
71400 80434
-15534 82224
43469 87716
6407 88781
-27678 80196
97340 74328
82652 79333
31039 -24085
96099 53166
82356 79364
96087 75559
27159 -23489
6541 -19944
22216 90957
-71761 82559
77460 19985
53543 84544
90416 78453
1435 -8538
8562 89278
5974 88663
89284 39397
92952 77801
80015 79654
54453 -19970
28933 90252
68367 -308
-36079 79559
38542 -25546
70 -2193
61666 -11649
82408 25826
95209 50952
26654 -23483
21496 -22794
47788 -23233
37024 88761
98014 57577
92506 45990
4 -10
99103 72488
46866 86704
85524 31799
60237 -14101
99591 70750
-66780 82571
79408 79725
18190 -21759
-1064 86322
47650 -23304
75255 15854
82933 26645
89820 78536
-90386 78795
86891 34146
98363 73390
1976 -13811
1907 -13540
55644 83977
-66641 82564
79676 22674
93599 47653
41356 -25140
72529 80336
75273 15912
99950 64530
8682 -19663
2399 -14703
68283 -449
70453 80555
35993 89059
-33592 79606
90514 41916
99591 70803
20600 91047
23578 90806
1476 -10179
1891 -13478
100062 65509
99861 63909
50185 -22078
62743 82194
-39129 79745
20631 -22607
1501 -8064
39760 -25386
1495 -9977
71402 5814
9095 -19997
-72048 82537
87346 78929
4298 -18579
97882 57274
-88514 79000
53253 84616
94126 48449
73211 10617
-27605 80205
86451 79010
-35838 79561
27955 90377
99077 60179
23284 90838
83540 27764
32854 -24681
1695 -12336
-86668 79197
-63049 82330
3572 -17210
83049 26847
-5882 84489
2557 -14990
87179 78944
53081 84665
17840 -21624
65775 -5003
73596 80271
1420 -5571
-71196 82587
15984 -21260
100106 65967
63892 -7992
948 87047
-68101 82610
-86167 79299
1630 -11718
-34246 79592
61033 -12868
60108 -14316
99796 63542
8131 -19419
75109 80095
9287 -20131
9954 -20411
100454 68850
14631 -21150
99587 70881
82956 26683
2255 -14449
47639 86440
57115 83591
99589 70813
84313 29489
187 -2617
47208 86588
7868 -19409
74599 14242
99790 63509
99454 61971
27250 -23493
2663 -15144
72457 8832
99650 70545
99592 70912
-67408 82602
-58843 81553
-6507 84289
96620 54483
57702 -16951
16937 -21421
96920 55163
7113 -19884
1555 -5831
-12675 82663
87728 78896
98730 72973
100125 66398
-47066 80403
49759 -22241
31216 -24131
8362 -19469
83466 27622
-18458 81714
4050 -18192
37821 88540
1612 -5932
68982 540
52605 -21088
85937 79058
73968 80218
88339 36963
15217 -21188
1420 -9429
27296 -23496
-3591 85340
99513 71683
99090 72510
-11396 82918
-42947 80164
-51022 80845
59311 82980
62736 -9811
55339 -19260
15519 90613
-55195 81130
83963 28684
419 -3202
25559 90589
99313 61379
99534 71633
-19195 81614
19719 91056
83588 79191
90579 42061
-21467 81323
96268 75350
96445 54011
32325 89739
7453 -19612
-39614 79802
921 -4424
81330 79485
-9123 83457
100025 65200
27529 -23512
54894 84210
35241 89227
7542 -19498
47593 86456
6480 88798
17700 90942
4938 88373
41156 -25155
-54167 81062
46238 -24010
1702 -12390
52201 -21297
85951 32475
1886 -13447
82775 26359
1630 -11575
73301 10855
-76044 81980
63961 -7881
-60904 81998
65933 81572
-77067 81757
97273 74385
91446 78216
99130 60371
74421 13778
28977 -23743
-66708 82568
3131 -16238
28003 -23559
49895 85722
10619 -20565
55748 83949
99862 70152
89063 38810
95014 76521
89530 78577
1612 87315
29636 -23854
10563 -20552
89051 78668
-79403 81055
36 -961
-40947 79978
11476 -20726
1595 -7779
15361 -21194
68319 80956
100454 68639
6182 -20027
83117 26969
93055 77771
88436 37168
2294 -14525
93418 77639
4430 -18752
51954 85006
58790 -15938
71587 6444
47063 86638
25089 -23378
10079 -20456
90388 41656
-83354 79936
-29820 79981
48470 -22880
53988 84431
56129 83850
15628 -21212
1193 -5097
2218 -14369
62432 82269
1492 -10040
1481 -10132
64331 -7259
64101 81943
-51420 80869
70084 2588
46624 86773
65805 81596
51890 -21449
53682 -20493
71625 6552
48373 86178
-60577 81927
63235 82085
39095 88239
15165 90549
-55365 81139
71497 6183
82645 26160
-72641 82473
76474 18479
8 -92
78397 79864
-60771 81971
75989 80084
14811 -21160
1783 -12849
100442 68366
1584 -11070
35337 -25510
41437 -25137
96050 53072
51598 85128
45183 -24378
60059 -14408
1847 -13227
70046 2510
95884 52738
-69296 82602
-30662 79875
2042 -14008
79639 22630
51849 85041
34928 -25402
4511 -18868
4321 -18608
15950 -21256
143 86738
14994 -21172
98950 59648
60901 82648
87412 78924
1706 -6106
77497 20030
-88703 78982
82946 79293
-38311 79671
205 -2662
79058 79768
99102 60276
57566 -17074
6090 -20019
-62988 82327
-70770 82582
-56445 81218
22243 -22912
9545 -20263
1438 -8505
80227 79618
98141 57840
30617 90016
27343 -23497
73559 11472
91798 44727
85071 31119
-80639 80671
57249 -17375
11112 89838
-77991 81492
3518 -17088
51450 85178
-13189 82569
1406 -9101
4 -41
1626 -7660
8320 -19452
8782 -19737
9343 -20164
84484 29880
-3362 85424
99232 60837
16388 -21315
90573 78434
382 -3105
38765 88313
18626 91014
77680 20265
75 -2215
-65899 82502
71174 80451
-33432 79616
100365 68061
99536 62479
95609 76127
81384 79479
80489 79579
-88965 78955
91344 43712
-13880 82462
9044 -19950
51810 -21486
-56281 81203
14920 -21165
-37443 79603
-78959 81186
63403 -8789
4 -67
1619 -7678
58541 -16177
91452 43929
58475 -16236
69520 1310
1409 -9326
70836 80489
61649 -11688
68954 502
83631 27957
-26486 80367
63299 82071
24778 -23332
66062 -4449
100377 69404
79338 22291
57791 83391
52916 84721
99058 60083
65978 -4600
27481 -23506
75597 80091
-91062 78698
36119 89027
52686 -21043
88327 78826
3158 -16316
95069 76490
99401 61743
91749 44598
-19433 81585
35311 89211
87610 35448
52945 -20899
35067 -25447
100217 69608
93850 48010
74487 13954
63262 -9019
-29675 80002
16698 -21372
32062 -24392
1489 -5696
-55021 81117
1592 -7794
22824 90890
90513 78444
-74051 82306
11034 89822
64975 -6256
98401 73356
84031 79150
-48017 80506
38848 -25514
1404 -9228
93086 46902
99712 70427
5441 -19705
71512 80423
99509 62280
4207 -18455
37190 -25641
21203 -22728
-77432 81655
100451 69137
70065 2550
99709 63248
54041 -20254
59868 82874
91022 78333
13229 90246
23723 90788
7765 -19410
1176 -5056
73145 80312
4195 -18437
1675 -12200
80592 79567
1733 -12552
79176 79749
79521 79715
-75579 82059
34222 89435
75516 16642
44950 -24459
25200 90641
18273 -21790
93985 77357
74646 14352
91382 78233
70820 4112
48152 86252
62082 -10900
36794 -25629
99183 60588
49602 85807
85148 31251
28098 90356
96371 53812
24561 -23283
61376 82533
44972 87287
4673 -19081
69887 2116
-13643 82493
10072 89604
94021 48265
36207 -25610
1256 -5246
-86109 79310
97190 55766
89869 40644
92387 77945
-15385 82247
98887 59424
42 -988
98728 59005
59419 82960
-38229 79665
-85442 79440
-27967 80166
67312 -2088
83985 28736
-6927 84149
100445 69187
-66920 82574
-24 -681
34790 -25353
6965 -19910
461 -3328
435 -3251
96252 75368
15661 90639
-91733 78596
84274 29390
13 -888
-44782 80260
1808 -12992
62126 82344
97224 55849
10591 -20560
28325 -23606
96351 53760
-11467 82905
2789 -15345
82217 25573
61563 82486
93486 77603
61408 -12132
-59456 81678
22666 -22968
54636 -19835
44 -1062
85898 79059
66179 -4244
1341 -5426
93859 77430
9358 89448
79785 22804
94260 77165
1723 -7191
-43025 80167
-85885 79357
7402 -19686
100414 69316
61247 -12492
61256 82562
74354 80156
43347 -24902
95230 76398
65998 81557
84904 30816
85978 79059
-132 86645
-67897 82612
-84589 79608
21456 -22787
40 -1118
12221 90073
49324 -22426
10938 -20645
6893 -19921
53802 -20419
58104 83290
71514 6234
100121 67159
100095 66828
100038 65306
94738 76750
100209 67490
6670 -19942
-80377 80748
12221 -20867
19870 91059
36249 -25612
99568 71527
54748 -19745
2180 -14287
100098 66691
91971 45113
100004 65028
2776 87708
99527 62413
21927 -22867
40444 -25249
60093 82825
98969 59723
50041 85674
-2234 85876
93572 47615
83002 26768
-19 -562
100090 65797
4615 -18996
93792 47930
1417 -9400
70574 3551
2243 -14423
10201 -20488
54719 84252
1472 -10286
73143 10443
-14718 82353
-34085 79595
8647 -19636
1531 -10778
1530 -9793
1727 -12526
45346 -24327
99642 70565
97408 56295
14884 -21162
-19748 81553
100161 69707
-80535 80699
99897 64198
43520 -24856
10588 89727
99585 70864
25920 90545
99492 62149
83786 79164
50146 -22092
-83411 79916
45836 -24152
64850 81802
-28116 80153
97871 73868
26754 90474
92874 77819
98001 73744
100450 69154
16816 -21398
1512 -8018
97248 74405
46155 -24039
92744 46354
98068 73681
51497 85161
1513 -10689
84790 30597
52523 -21130
61302 -12367
59475 82951
58063 -16625
96169 75456
444 -3277
12799 90179
89343 78610
6276 -20016
-919 86371
-44263 80240
99971 64719
81604 79452
76956 19252
-77496 81634
1897 -13509
6919 -19916
-56932 81257
6462 -19960
64534 81868
59987 -14528
-22719 81102
-85996 79333
-87224 79114
44801 -24519
98921 59536
1525 -7991
44535 87454
82979 26725
99614 71269
18268 90983
-70086 82579
-35599 79567
54270 -20090
90947 42884
62902 -9579
20090 91058
62535 -10109
1476 -10529
-10109 83190
71786 6972
70895 4296
56902 -17724
67192 -2301
10001 89586
17409 90919
-83823 79793
25042 -23374
33871 -24989
664 -3915
9407 -20199
-40697 79945
55413 -19198
97484 56454
1589 -11111
3679 -17443
92397 45825
99612 62913
-10252 83154
99160 72396
75763 80089
-26764 80315
68837 80816
54345 -20041
92764 77844
16767 90837
-10684 83058
74579 80130
-71693 82564
3351 -16745
34964 -25414
75433 80090
100116 67119
-16747 82027
55334 84086
2646 -15119
83609 27909
3644 -17373
95588 76146
-45298 80288
58722 83119
32701 -24632
1832 -6425
75933 17489
90201 41261
1625 -11473
6776 -19942
34691 -25316
59614 -15017
-3210 85483
-20926 81390
25496 -23416
61332 -12301
-87279 79108
-7858 83876
11634 89954
38756 -25522
-55617 81151
70615 80526
73614 11595
51317 -21693
1458 -8335
-28934 80090
5 -49
95759 52450
-83526 79879
72973 80320
97915 57349
8053 89172
40832 88025
-88151 79026
31886 -24330
22542 -22954
87835 35882
57459 -17170
64786 81816
79001 21919
1454 -8795
98977 59757
17592 -21548
48064 86283
55935 -18753
35866 -25585
27213 90439
99841 63780
84496 79122
93583 77551
100457 68756
-49238 80646
89720 40356
47136 -23580
47963 -23147
-4575 84973
-79512 81025
99836 63747
-62619 82295
59373 -15271
99858 70159
1490 -9678
92686 77865
34629 89360
98518 73228
91906 78081
30542 -23995
10970 -20651
69165 761
6310 -20012
90824 78379
-45148 80281
99831 63712
92978 46727
99874 70114
-84531 79618
3539 -17127
47753 -23250
73079 10270
3858 -17827
329 -2993
96597 74930
94061 77307
683 -3962
79741 79689
95838 75879
85807 32238
-45809 80327
51209 85267
1557 -10936
68551 80894
2809 -15387
45756 -24185
57736 -16920
-83295 79953
67099 -2466
46187 86899
2336 -14595
100175 67359
72215 8192
-14571 82374
80386 79594
-81268 80498
49049 85964
16659 -21365
29141 90223
95419 76278
69412 1109
57430 83502
99982 69970
1456 -8354
1745 -6193
1472 -10326
83586 27861
80834 24011
1049 -4755
-45592 80310
1743 -12606
69578 1432
8211 -19424
36330 -25616
73030 80317
43722 -24810
-2458 85782
83336 79231
66319 81493
18904 -22040
89518 39959
54155 -20170
46 -1961
84506 29927
96157 75474
100081 65695
30553 90026
1547 -7933
8 -126
7303 -19795
2739 -15259
66190 81518
85583 31884
1746 -12633
-76176 81956
99242 60963
83346 27392
99593 70667
68514 -79
40117 -25316
16859 -21405
4915 -19266
21159 -22718
69134 725
100453 68600
73831 12160
24910 90675
51744 85075
76612 18702
3634 -17351
3400 -16835
70785 4022
99942 64469
58850 -15878
-50165 80770
98679 73030
99780 70277
99607 71399
65008 -6216
11516 -20730
17921 -21652
22105 -22891
47682 86424
-42702 80150
99086 60211
88561 37415
98165 73585
-81318 80485
93202 47075
4 -14
-70298 82573
100447 68478
99629 62985
-85046 79517
2544 -14970
5071 88411
-64798 82436
57634 -17011
22 -1611
3181 87843
100460 69014
-4348 85051
96858 55032
61916 -11174
100331 67974
56787 83674
11784 89987
59926 82863
71301 5449
83561 27812
-69800 82590
62861 -9639
77021 80005
91433 43895
39652 -25411
22902 90881
7769 89110
7422 -19656
-6438 84312
-22 -603
45611 87056
21101 91034
87285 34837
81906 25155
45797 -24168
65480 81665
-34407 79591
1411 -9065
98475 58424
-4722 84919
-12387 82725
3381 87906
100272 69536
1015 87076
100186 69663
66092 -4397
1679 -12227
2322 -14570
94878 50041
96390 75217
98507 58491
1499 -9888
3836 88051
32929 89643
-66168 82527
7215 -19853
7201 -19858
29883 90118
66064 81545
55063 84168
53201 -20763
84397 29688
58508 -16208
-89959 78833
-18701 81680
16310 -21308
42164 -25103
90407 41695
-57665 81362
29543 -23836
-90324 78800
96048 75609
82001 25284
38981 -25504
42197 87943
-4946 84833
37754 88558
-60510 81913
75022 15177
54972 -19565
57109 -17514
