-41 -63
68 43
56 -92
-75 -83
-61 76
-74 4
-90 86
68 -48
54 98
10 53
-11 94
8 39
-7 -38
31 67
9 55
21 -92
-45 68
39 -17
72 -39
-44 -64
-81 -68
-26 -57
-95 74
77 -96
59 -20
-64 1
-85 -75
91 -49
-80 -66
45 -98
-10 -76
82 -92
-93 70
25 -18
-89 -88
7 80
-6 52
58 76
48 -54
-20 -19
79 -80
-95 -30
100 -89
-2 2
-40 -22
11 -12
-25 39
-81 -90
70 8
33 20
11 20
18 53
-68 98
-49 -86
9 -88
62 9
74 78
54 -1
-36 -50
-29 -18
74 59
73 -30
-38 -18
-89 -62
-38 91
99 -77
49 -93
17 48
52 23
32 -61
-93 88
-59 -84
95 -1
-49 77
40 84
64 -99
28 -57
37 -69
-75 -72
-89 -94
95 22
33 -72
10 77
-84 87
-67 -45
4 -45
27 -39
30 -89
55 -92
4 83
52 28
39 40
59 -2
82 99
66 60
1 -93
-48 12
-26 9
-83 -49
39 -86
