872 -865
-268 -319
-651 1403
-980 -1304
-1733 -958
1193 -1381
656 -35
-1437 508
1031 -1785
-913 -1273
-1869 302
-130 -102
-1678 501
1573 1341
-1663 -772
-588 -1827
-834 102
-1847 1177
1996 -395
-429 1384
-1423 -1596
1337 -350
-1250 -985
1965 663
865 515
1016 -1986
498 663
1461 1991
784 172
-1149 1131
1967 806
276 -1626
-44 270
-1749 119
-1908 1714
-739 -208
351 353
-1941 543
-1520 399
1920 -829
-1069 884
-630 -615
1502 -1603
1434 -259
-473 1265
848 824
1604 -1743
-1249 -1744
1336 147
-475 1416
1173 -289
-297 -1734
1342 632
1055 -114
222 1664
-636 -965
-22 -537
-1292 1995
1259 1814
-1196 -1698
1759 611
-582 1644
-1505 -1985
1851 -617
-1379 -915
-1939 -149
11 1364
-568 -1951
213 -1792
1011 3
-1358 1200
1376 210
1432 1057
-1949 -522
-118 898
-560 1039
1733 1069
-1708 989
-390 -593
693 -200
1488 -1680
-41 -964
-1653 -1303
1623 1167
-85 -556
1128 -1766
1599 115
-1260 1668
427 -1765
604 -1532
-833 -1113
1726 -1018
-440 -1215
1079 -763
1928 1456
-764 -959
-1221 -1071
-1224 -787
1261 276
347 679
