688 290
79 123
134 719
95 97
714 825
239 102
113 74
435 225
241 285
815 870
725 638
266 314
692 413
565 68
232 253
996 795
398 791
612 118
306 262
485 866
852 618
252 209
108 80
71 327
511 851
693 324
587 311
442 233
548 208
637 583
843 836
279 301
340 178
486 402
127 823
902 326
228 108
569 675
961 853
120 503
224 337
53 198
179 317
386 190
206 519
202 332
334 266
59 588
391 354
643 166
256 826
182 828
866 155
1000 263
898 288
90 359
473 282
591 344
135 614
157 286
284 187
678 250
920 717
769 542
625 602
130 613
66 149
301 713
288 305
191 420
292 384
541 702
272 300
771 536
275 401
1 553
585 427
357 581
345 465
124 504
822 60
988 990
666 213
694 385
789 467
242 221
253 329
161 412
348 179
523 844
634 151
559 63
248 292
479 617
488 390
447 239
796 422
58 176
52 270
303 364
287 269
667 23
261 930
680 254
373 298
249 331
888 773
154 279
468 756
286 304
237 336
764 557
87 109
394 194
61 164
633 590
244 334
278 277
337 267
321 485
832 661
545 952
262 299
552 691
452 490
76 595
491 978
310 81
263 319
207 421
50 229
948 78
720 819
641 750
369 435
717 87
546 52
335 592
489 356
175 157
298 315
574 76
550 210
231 724
424 215
281 302
991 522
513 725
382 313
390 559
623 605
652 183
49 460
118 69
106 82
172 416
807 704
584 297
245 333
731 110
746 599
17 428
867 578
112 75
482 12
735 117
62 810
80 120
533 554
67 811
255 206
204 933
465 466
269 307
41 912
371 184
304 361
568 246
280 718
133 398
81 119
158 34
387 392
328 264
339 470
864 586
270 296
307 346
102 495
77 126
434 1000
455 114
392 904
642 574
469 272
368 291
45 805
150 39
148 236
332 705
247 98
233 419
115 821
506 153
110 926
695 378
544 831
856 127
195 621
177 518
983 555
149 256
876 790
341 468
142 46
872 562
854 122
555 824
156 283
674 497
689 49
420 211
299 316
829 72
365 287
82 484
376 799
994 226
590 339
798 351
119 502
970 600
234 242
235 274
351 458
538 192
653 552
561 683
597 921
268 406
875 182
698 681
125 393
377 303
384 85
949 656
992 214
331 920
681 473
37 802
441 506
55 699
670 223
887 775
767 547
230 107
238 280
380 188
581 445
763 769
174 312
899 440
519 167
203 829
374 426
103 86
567 244
311 491
572 477
699 680
183 418
114 715
586 309
786 251
289 306
967 842
556 220
430 520
848 987
330 265
117 386
412 785
28 16
881 201
682 40
385 321
901 751
184 145
94 363
54 191
438 228
251 722
733 625
168 723
859 135
576 464
427 100
354 455
989 529
25 569
794 293
679 252
264 318
0 674
984 817
957 635
656 878
104 496
883 950
528 38
461 258
389 794
462 472
926 899
476 9
784 241
542 540
360 579
370 573
718 651
355 582
429 521
889 498
502 150
366 438
893 478
588 409
457 1
580 451
18 29
616 616
6 902
139 615
963 849
814 45
375 688
520 168
614 776
295 380
487 335
938 56
305 330
297 376
942 64
788 7
325 597
84 922
636 893
415 666
169 415
910 2
825 857
952 88
129 395
500 974
254 207
395 678
534 708
277 278
570 483
939 59
63 310
250 294
624 604
418 534
146 511
833 658
919 909
51 261
29 441
558 62
361 694
159 411
512 969
659 197
410 93
98 368
97 367
862 142
955 642
719 649
222 112
276 400
573 670
932 891
443 770
791 10
668 219
741 128
973 589
521 571
903 365
505 24
421 531
995 232
646 745
779 510
285 611
314 489
192 137
176 21
267 720
475 752
437 652
999 476
474 446
449 883
99 493
160 32
563 942
607 914
663 19
844 101
986 813
766 550
317 487
15 563
799 360
35 575
483 13
243 417
918 17
151 268
89 601
406 672
980 566
589 328
378 567
672 997
549 527
417 95
696 58
136 509
543 199
293 383
43 580
797 325
453 765
742 606
57 177
10 793
145 405
467 628
359 448
313 710
982 174
294 381
347 916
282 612
857 132
440 650
216 116
458 481
296 499
816 48
509 156
531 41
551 525
68 322
350 459
981 172
806 880
83 349
858 977
583 295
166 28
644 746
19 26
388 389
478 984
507 25
36 449
338 471
600 639
915 726
959 630
312 923
575 469
722 644
170 932
144 44
246 99
490 139
648 3
407 92
24 20
557 687
153 276
912 733
402 548
383 407
675 994
152 205
88 355
198 130
768 544
525 37
349 273
993 983
697 682
167 516
503 593
950 655
744 603
271 929
495 738
283 928
13 423
621 609
539 193
836 998
729 631
419 96
356 806
803 711
592 924
302 366
885 218
69 144
579 453
795 430
480 749
259 202
31 800
381 410
762 560
882 782
300 372
324 707
451 766
181 620
892 248
707 667
998 482
820 55
7 558
501 22
450 111
748 594
790 732
372 83
200 8
868 966
173 160
446 237
363 693
39 452
632 591
155 195
758 570
554 217
945 70
236 275
209 121
594 646
274 508
778 514
162 515
93 362
582 803
934 890
265 91
655 546
922 714
566 243
895 937
781 231
460 761
128 394
900 754
456 115
976 830
522 170
220 0
691 51
416 896
747 788
496 860
346 587
38 4
773 204
838 648
676 492
835 654
186 323
846 632
515 163
671 716
497 736
205 125
608 113
477 619
654 186
470 626
897 935
601 637
711 77
647 564
775 212
291 501
812 873
23 568
143 404
761 771
841 94
706 833
577 461
78 124
894 763
8 903
809 701
105 375
100 90
516 848
540 543
422 662
974 148
320 815
782 743
2 676
793 14
327 596
107 377
622 131
700 677
116 71
651 181
326 480
171 517
730 953
863 809
258 203
684 43
865 152
86 816
32 689
774 755
498 146
886 512
690 692
780 505
839 996
358 450
165 414
738 798
813 695
131 507
947 660
537 835
74 133
362 284
658 541
743 941
466 989
936 887
481 424
122 822
650 5
30 442
367 437
536 706
792 894
316 709
610 780
14 33
22 685
436 104
65 154
510 852
353 807
828 668
454 247
564 238
830 664
757 162
109 79
101 89
946 874
425 892
953 864
977 577
602 106
553 216
413 538
877 957
401 901
3 50
627 764
34 690
760 772
164 175
840 645
308 180
428 523
529 712
471 872
48 696
426 779
336 812
514 30
318 486
736 801
660 200
547 532
126 61
147 931
188 141
673 234
685 988
379 84
571 938
121 65
873 962
123 391
896 760
64 918
578 665
42 804
971 598
727 955
12 36
439 105
879 786
459 636
928 898
826 66
869 572
404 673
524 173
257 513
749 143
723 959
870 964
598 641
187 15
290 185
593 647
463 759
493 861
333 475
344 700
60 169
560 820
805 881
664 526
132 397
704 973
329 479
785 739
604 917
432 222
740 610
20 684
518 847
750 147
837 843
517 576
997 240
937 53
708 970
891 245
141 47
464 876
492 140
562 818
849 624
860 138
609 627
734 623
913 731
687 697
817 867
445 884
21 907
751 783
770 196
810 875
855 980
821 863
405 900
956 859
414 537
194 11
657 877
710 663
46 457
508 729
990 528
193 136
705 834
91 103
448 767
755 778
904 747
433 889
924 27
444 885
595 792
756 159
808 703
661 728
965 846
712 827
842 640
669 999
958 634
787 735
527 961
472 986
985 549
73 134
352 584
911 919
878 787
777 910
26 18
535 551
907 741
905 744
44 913
930 698
847 629
532 556
662 727
640 161
753 781
783 494
56 289
929 895
909 737
686 454
315 488
630 762
880 535
530 840
884 949
631 897
9 679
260 721
962 622
499 858
871 963
701 976
617 774
966 845
726 956
874 960
702 975
827 856
834 657
665 871
759 927
645 886
732 951
649 561
728 633
403 789
941 879
635 585
979 165
917 911
968 841
890 943
639 158
606 915
619 906
111 608
745 939
935 888
638 753
752 934
411 669
27 439
484 981
620 129
739 797
677 993
16 31
683 854
504 855
724 958
85 352
908 740
819 54
613 777
713 659
931 42
818 686
408 671
772 757
596 643
715 965
737 947
526 565
987 539
605 784
703 67
716 653
969 839
954 862
