984 341
106 563
833 559
771 398
431 536
113 21
607 62
629 574
731 508
913 855
414 506
445 129
373 622
310 521
61 897
492 414
581 904
434 539
813 303
206 290
190 380
713 755
660 360
551 186
588 697
666 359
508 357
497 218
292 421
940 825
641 557
367 58
406 160
822 617
153 672
578 286
798 181
120 604
964 791
612 490
467 685
909 120
810 938
752 383
399 465
244 28
854 908
628 898
429 667
858 762
318 541
702 461
654 262
246 26
593 474
825 484
762 391
606 273
201 309
4 989
227 236
77 913
265 167
739 859
890 385
277 150
856 340
863 348
211 65
754 723
650 443
712 472
734 525
229 44
410 497
919 849
823 614
893 876
311 524
619 581
531 505
577 518
299 345
735 551
520 698
930 489
637 365
811 643
849 333
613 483
395 439
525 699
632 486
234 775
458 254
966 788
885 107
248 789
498 217
587 281
717 366
623 482
724 266
651 526
773 400
405 485
647 544
396 444
97 298
408 336
540 510
412 327
615 470
358 605
725 369
782 175
627 453
137 968
585 800
789 682
673 776
496 454
604 274
295 464
118 227
544 602
342 732
370 751
722 487
719 481
494 798
915 993
428 530
586 66
871 100
136 967
902 407
527 905
827 599
648 543
625 455
423 523
546 188
701 56
645 500
640 560
195 733
768 961
672 445
832 565
683 883
341 240
837 785
617 466
245 917
764 277
667 159
594 392
618 269
534 320
962 307
828 314
193 89
484 583
638 161
864 349
601 694
530 504
981 174
487 796
59 105
697 457
616 690
931 134
123 611
644 499
495 448
90 767
394 426
732 568
598 169
347 971
268 162
733 268
806 814
84 415
417 659
485 584
384 633
357 862
133 190
521 496
726 494
204 299
390 40
761 276
646 547
630 572
502 695
916 255
597 903
308 703
561 700
409 334
576 442
705 627
557 516
232 41
493 436
545 513
723 748
194 879
805 184
427 529
107 29
111 246
257 642
398 372
611 492
642 556
621 371
729 267
372 53
819 468
580 285
980 42
965 950
622 899
339 853
730 577
686 450
236 607
917 6
676 446
274 811
535 319
350 595
85 60
518 203
331 724
669 261
812 76
108 27
953 808
836 321
88 353
689 55
130 198
202 741
905 413
17 844
189 429
850 771
297 124
504 364
468 573
260 647
352 222
538 80
330 722
198 324
1 822
524 85
162 135
583 409
393 641
579 517
653 999
934 15
129 200
720 603
844 202
859 344
303 328
721 600
5 589
928 616
807 300
425 143
208 891
541 191
81 753
101 781
98 535
553 906
870 99
591 596
397 377
443 674
549 306
250 631
263 929
738 375
15 619
378 49
708 467
946 287
935 553
803 297
950 291
365 59
119 223
266 655
995 187
200 512
463 569
466 571
421 519
536 601
994 51
700 459
694 361
336 727
932 503
603 591
510 209
469 793
415 24
910 121
501 799
411 773
192 729
831 196
451 5
671 777
736 374
766 278
633 449
436 783
614 475
816 805
608 379
473 576
247 626
590 514
665 665
758 168
906 863
643 554
401 471
539 315
287 681
222 902
787 288
582 411
482 230
925 10
921 452
52 119
507 477
424 664
788 951
605 382
522 498
714 613
65 94
992 923
791 178
460 252
718 606
780 67
281 816
763 713
532 802
273 810
225 239
454 562
471 687
802 434
345 588
430 140
970 946
216 757
821 79
799 666
670 778
314 957
366 615
379 629
891 712
272 934
745 856
639 264
226 238
951 964
53 116
895 706
363 865
489 586
857 342
285 679
775 282
609 480
748 381
516 343
567 179
220 900
166 693
786 686
334 725
275 812
294 373
447 127
205 295
301 493
707 874
188 418
360 212
100 284
337 851
315 534
309 704
356 861
907 680
674 658
19 630
238 213
284 141
207 747
509 355
28 654
46 880
351 739
943 970
847 331
715 57
753 384
840 325
404 770
368 618
321 960
340 242
769 707
242 204
927 11
696 878
391 639
924 263
374 870
24 644
323 717
695 456
376 192
116 592
517 597
217 258
400 469
422 662
464 570
402 354
25 646
933 582
848 332
664 889
22 638
221 250
948 23
364 206
296 363
678 656
818 803
316 710
413 323
276 668
998 918
740 858
922 637
38 676
749 61
251 189
835 197
872 220
282 940
584 406
353 973
151 669
620 460
865 752
338 82
0 2
706 985
698 458
259 13
9 224
795 823
359 744
926 623
826 193
929 608
829 590
747 854
688 451
624 578
772 959
596 594
3 988
442 549
349 72
30 164
304 117
947 146
231 226
817 463
444 675
96 301
750 969
961 30
851 769
869 746
386 635
449 677
558 73
355 974
681 653
134 636
435 540
978 171
269 4
127 813
214 558
649 511
635 567
602 63
809 648
592 473
830 507
419 886
880 370
589 280
990 351
483 901
145 975
971 945
135 185
298 352
796 425
361 977
179 108
875 738
181 106
486 103
853 208
326 720
898 399
631 684
475 237
488 585
765 393
354 860
610 495
42 138
490 692
797 427
50 884
223 765
455 122
293 441
161 850
54 114
552 515
43 688
307 316
213 555
333 965
407 491
479 580
329 847
523 598
751 852
186 98
896 113
988 750
459 1
566 180
159 848
514 90
306 833
728 501
911 670
48 126
693 766
305 322
64 726
67 731
800 431
886 378
989 182
164 689
141 829
23 183
470 112
684 650
239 33
383 759
554 75
403 649
776 403
438 892
528 502
346 231
757 275
945 818
792 678
555 74
573 69
996 919
10 995
846 915
392 877
472 111
87 763
852 91
312 302
103 784
302 335
958 155
820 620
703 362
142 972
131 963
668 663
901 115
505 696
418 660
325 719
944 144
7 229
286 942
956 804
453 259
31 163
462 0
74 910
888 718
433 782
426 528
785 412
478 795
27 857
499 462
767 395
66 93
599 593
759 389
57 714
873 101
11 836
261 928
327 846
727 587
432 537
255 924
690 990
79 916
465 792
656 671
169 123
903 408
380 47
91 927
317 289
450 895
29 657
841 326
377 982
959 304
55 711
165 691
897 701
511 350
794 423
68 734
571 801
477 579
716 610
801 433
271 661
784 176
879 888
416 317
332 87
124 210
506 476
178 998
574 177
550 305
183 871
446 786
568 292
109 25
743 270
793 422
122 956
441 548
774 401
212 272
105 941
937 139
991 745
900 869
985 931
163 133
983 339
842 201
677 885
18 845
954 806
711 756
679 447
500 96
861 758
975 774
6 232
779 835
382 983
600 478
114 949
969 35
783 831
894 708
537 509
209 68
252 634
70 736
519 338
636 790
877 890
173 118
60 896
86 367
210 893
923 9
543 311
889 109
104 271
322 550
13 838
283 142
564 294
777 283
94 772
256 925
503 214
328 561
154 149
892 234
744 165
291 131
756 966
121 807
737 737
982 43
963 31
979 937
240 32
770 397
476 794
420 308
456 256
14 839
547 77
69 735
196 84
912 251
230 907
942 19
388 875
920 8
704 628
845 329
152 842
461 683
862 95
918 7
138 645
174 996
972 779
904 244
526 199
999 368
125 958
369 979
270 3
790 70
224 50
839 86
993 740
219 760
16 624
319 542
199 318
89 926
375 754
884 228
746 166
938 827
687 991
710 621
439 545
371 980
977 330
565 71
143 170
634 265
72 909
289 944
855 92
158 984
280 815
815 935
881 728
36 152
986 930
513 347
95 522
172 702
2 247
936 16
262 172
437 12
278 148
78 749
12 997
47 128
115 235
939 279
778 404
685 882
960 955
440 673
755 721
112 22
866 216
150 978
533 195
987 346
288 943
562 296
691 768
682 652
967 34
171 994
203 742
595 64
474 110
218 257
381 873
249 920
148 837
35 867
235 38
542 312
34 156
914 432
180 868
491 797
448 894
139 828
185 872
457 564
343 78
177 709
781 954
258 14
237 215
300 488
149 157
75 912
279 147
804 437
387 761
824 609
228 233
132 820
976 39
8 992
33 158
362 864
760 716
968 948
58 715
512 207
63 97
957 153
908 417
254 18
452 260
45 132
320 546
887 881
168 125
808 939
110 575
876 102
102 36
941 824
147 976
71 83
814 936
156 145
